281046.889717963
281259.290637265
281266.101926542
281270.189497136
281064.617800909
281070.074856023
281075.532974793
280974.804450047
280875.446803445
280982.998746975
281093.279206354
281101.473563707
281105.571639724
281320.652013414
281219.941874224
281221.307842365
281327.478245110
281328.843690654
281225.406145383
281437.742120091
281334.306136827
281232.237979045
281130.172657924
281029.478317205
281139.745536018
281245.906628563
281354.799771604
281360.267263862
281255.478635591
281152.058307108
280943.851834858
280943.851834858
280841.805285238
280845.917244074
281055.485674213
281055.485674213
281056.855147341
281058.224686952
281060.963965624
281274.632413709
281274.632413709
281278.738488419
281493.763814496
281605.374812122
281819.016172263
281827.215179827
281729.287359982
281942.911023835
281842.252888002
281741.599242887
281533.456263364
281326.686857419
281328.058006143
281227.419968621
281334.914745788
281128.159355097
280920.034909631
280503.793495847
280403.179416807
280087.562051680
279879.450068243
279461.849583206
279361.258170894
279257.900032474
278947.833609348
279055.349047966
278639.169110999
278326.344688820
278121.048436795
278024.678420233
277616.928228193
277513.599284472
277304.145628680
277308.345385069
277205.021170232
276788.930475630
276687.015759676
276275.163282304
275965.234677155
275653.906459517
275029.857381306
274722.804133095
274412.931253247
274104.492886496
273790.372423476
273480.531247694
273067.428393025
272444.946380232
272031.891170642
271614.538595864
271303.329070352
270993.571035262
270576.239201966
270262.156885025
270058.568239676
269647.065803760
269338.820758141
268819.766021261
268094.292588940
267575.286573953
266848.415830818
266224.779256659
265807.554798063
265705.839299193
265708.799468137
265607.088458102
265293.073736583
264875.872302619
264463.140853328
264258.273288836
263842.590952343
263426.918621006
262912.590028143
261976.661152615
261564.059463691
261040.776662464
260519.007812978
259894.107782507
259375.399270518
258958.310083727
258542.753922641
258439.631097950
258127.207768237
257920.971269002
257607.021711150
257294.608523645
256775.981637030
256463.580656010
256048.081732414
255841.882794895
255424.852110209
254701.665702789
254180.018412285
253658.376399370
253244.507899662
252827.520851937
252518.314161077
251995.132705214
251582.888106964
251272.141064629
250855.189576611
250436.659415028
250021.299982753
249605.950558569
249089.166296161
248884.691375442
248574.004420574
248157.102447073
247843.228271868
247637.182936328
247429.539267799
247118.881368087
246909.637449729
246494.368725144
246492.758774367
246079.110011041
245662.245721040
245351.622489644
244936.389895617
244624.160712226
244102.702576700
243584.508662429
243169.314383449
242543.268646099
241917.228811377
241502.063283506
240877.686196871
240670.113281309
240251.671596649
239834.883245355
239419.756463465
239109.247600113
238795.423684348
238169.439571666
237857.283454281
237646.399981699
237332.575490215
237332.575490215
237125.030975609
237125.030975609
236708.274501674
236502.412439203
236190.272360909
235566.002783152
235463.081469845
234940.060537660
234730.851730293
234315.814998579
234005.390533851
233485.771546036
233175.364918534
233070.764825537
232443.162953805
232127.655816084
231604.648254186
231076.503516621
230760.977566767
230443.731581357
230129.912195989
229814.372774195
229498.828860876
229394.220558177
228562.534279070
228358.507644999
228051.617860922
227741.277317399
227743.011041738
227641.879368310
227540.750633278
227437.888612698
227230.430992975
226916.639747829
226498.250525653
226294.286744276
225980.499782868
225671.956232344
225462.768227463
225251.829213402
224523.174534152
224315.743382458
224108.314729431
224007.240092679
224012.518164096
223913.209341075
223602.970991655
223395.561742096
223292.740419536
223191.685999147
222778.654158999
222573.029153944
222365.638091968
222156.476706491
221846.283887106
221534.321756954
221328.720289192
221016.766803236
220600.239810981
220288.293823109
219873.563517161
219563.417605424
219354.268754932
219038.751152929
218937.764854845
218834.986081426
218524.860304902
218317.514443646
218111.971541207
217902.830222802
217695.491863258
217596.333834833
217286.241381347
216867.972441988
216350.572375181
216244.193365003
216139.626906965
216036.875011036
216040.504526764
215833.191526457
215418.573029162
215108.526364704
214794.840680063
214589.366048493
214385.723249646
214288.473416152
214503.064591925
214611.270280194
214616.748288863
214723.124489952
214620.400728125
214514.024373674
214407.646697568
214202.202645476
213787.667015415
213791.330883954
213483.191365087
213380.480916790
213171.391141472
212960.463403519
212854.079331583
212857.755976042
212756.889122614
212652.345208723
212441.415954394
212441.415954394
212340.555048167
212344.239278000
212349.766278161
211933.450451450
211724.370880572
211410.751019411
211098.981205407
210999.996088254
210790.920676900
210794.626803916
210693.798162234
210592.972491647
210592.972491647
210380.192396542
210378.336426378
210165.549871215
209644.721985845
209437.509430181
209125.763242882
208711.351723705
208401.484212649
208296.950220679
207983.347836162
207882.558733996
207673.492688506
207568.959563435
207464.426370120
207361.769183011
207259.113360646
207156.458903101
206947.395934163
206844.744049079
206534.914598237
206430.384754002
206118.679485158
205911.506633197
205704.336285401
205390.750951324
204972.636210098
204765.472110365
204455.678606968
204353.048065286
204041.366865485
203836.115026081
203627.065139921
203313.489792101
202893.482030295
202475.376798003
202475.376798003
202372.760008670
202165.619310572
201956.568551953
201745.603696485
201327.498097168
200804.864530177
200382.911565507
200065.477186780
199854.491439914
199645.429539503
199434.439288029
199223.446157186
199115.053756411
198797.587868527
198584.650782480
198478.180254251
198369.774522554
198259.432120678
198149.086440497
197934.191927599
197825.773746799
197502.442555914
197287.524420265
197177.153622829
197171.336421141
197165.520047503
196950.582638666
196842.141002928
196731.756332087
196727.875313005
196830.501419706
196824.682871560
196818.865152410
196704.596938462
196594.203477625
196485.746897767
196584.506100716
196683.270085056
196679.393673318
196675.517630199
196673.579746872
196878.876035800
196873.067512157
196867.259817372
196966.044764453
196857.582168015
196956.371845351
196948.635167324
196944.767380740
197045.500409648
197039.701980876
197035.836821915
197134.645504408
197235.389602110
197227.667581937
197221.877032667
197218.017126428
197423.386087540
197421.457793831
197415.673464271
197622.980440793
197619.127538762
197717.969562195
197712.193730067
197708.343634508
197811.043351038
197909.897736788
198214.171899067
198419.592339145
198516.549473604
198510.795177258
198505.041705270
198815.122563814
198912.102503455
199115.645727167
199321.108794213
199522.757815836
199724.418689124
200032.648810474
200133.490027964
200337.084513375
200333.278269341
200749.999508691
200850.856356738
201159.135707305
201465.532401673
201566.405719441
201876.609748516
202184.931963482
202390.486869830
202489.492081332
202487.605081732
202695.058126753
202902.513645976
202898.745605119
203104.323978156
203306.146124235
203717.335945517
203922.938962979
204229.479736930
204536.037286290
204532.294496439
204522.939092642
204517.326927525
204618.277833981
204511.715570297
204405.151997776
204190.148929500
204291.101966110
204182.661840222
204177.047466865
204279.876935585
204276.135977437
204062.988502436
204059.245606823
204162.079758845
204261.175738428
204360.276440344
204145.247962630
204040.536523112
203932.082948805
203930.212051133
204031.185352844
203922.729359885
203918.988553932
203711.425067545
203709.553382681
203599.219187861
203384.159944111
203174.716115403
202967.147794840
202755.827619596
202439.781499892
202226.574677317
201910.518493406
201385.004947940
201065.163885181
200952.885414420
200739.645467759
200526.400300147
200309.368723007
200099.894304128
199989.479924359
199776.214201821
199562.943261136
199561.048803420
199557.260161804
199244.923329517
199035.435570412
198825.947527761
198719.303825730
198715.504951685
198715.504951685
198816.453883164
198810.758794385
198597.460954456
198389.859835739
197968.954534702
197647.079795753
197746.121428980
197534.703868159
197428.041099549
197416.607816801
197521.369348898
197620.419378908
197511.847449045
197088.974252761
196768.949318393
196557.502356249
196229.815306050
195913.579381281
195700.200949285
195696.373300444
195795.412389914
195684.892572675
195469.585573502
195046.615401705
194831.290430249
194716.911893560
194505.410311633
194187.192136860
193969.916758546
193964.151505241
193960.308467908
194061.266636064
194053.585060448
194154.549550767
194047.824854674
193733.408280539
193308.411946493
192780.516586668
192254.537131496
191942.037595385
191526.667131142
191000.681803495
190583.381948518
190059.332068445
189531.384513855
189214.998890163
188687.028517736
188475.445455163
188155.131822356
187943.539828447
187726.070856624
187298.944823088
187190.199392858
186871.798032426
186339.800645391
186128.174133593
186011.541841742
185797.936535623
185687.195466113
185475.549444781
185265.871218774
185265.871218774
185157.089509456
184836.648501374
184411.350818130
184088.907470324
183663.577453825
183343.083728059
183133.378815583
182919.706925402
182494.333146072
182284.620452919
181859.226000532
181750.387658334
181849.280993967
181742.429602136
181427.841108637
181109.265596990
180788.687098932
180570.970074508
180558.997731257
180553.012869833
180545.034413363
180537.057509799
180424.198856800
180103.560121260
179992.685076648
179986.696482465
179978.713051390
179865.836334756
179438.262768305
179222.469005827
179529.180354584
179938.819231623
180251.543082671
180352.466968068
180451.403882231
180548.356664775
180542.390659525
180427.532580060
180528.473377602
180629.417107752
180837.269690320
180833.298709400
181041.156519189
181351.956832738
181561.801850282
181769.667404198
181769.667404198
181981.490978844
182189.358547802
182292.305353887
182288.354061020
182078.504863035
181967.648044425
182068.621774727
182686.355138158
182787.344280405
182781.431641769
182571.562258366
182567.618364918
182458.737436377
182246.888797421
182237.022390280
182021.216565813
182019.242556282
182122.213557742
182322.244847615
182526.230774585
182839.112026653
183050.978845755
183155.928233994
183573.761791011
183886.649374398
184302.532436238
184613.472951515
184819.467675604
185342.282241069
185552.189398815
185764.045018397
185972.002817833
186176.071205344
186380.147987162
186479.274490874
186576.463394375
186778.622709489
186665.894856380
186978.854855002
187181.039178463
187387.106182032
187694.283304282
187795.391036941
187896.501682124
187787.662078429
187989.893011757
188195.993150186
188295.189137142
188287.478138148
188386.682553087
188592.805214223
188692.019942505
188476.264386108
188565.862616801
188772.011441287
188871.244878253
189077.404612427
188968.562591683
188861.639137823
188750.871657611
188743.187300132
188743.187300132
189056.291488040
189369.399004284
189365.565571426
189466.743742752
189462.912364612
189455.250740383
189661.453122432
189653.798959146
189751.167703677
189745.431150570
189739.695445722
189523.906029779
189308.109377177
189510.518910635
189923.008579418
190230.482800193
190226.669347467
190325.989648955
190320.272967831
190627.784539819
190623.978531253
190618.270223276
190511.319661498
190509.416526105
190610.660461757
190713.808754806
190923.909530308
191134.010010732
191344.110196283
191447.263250164
191550.417619844
191859.888622883
192069.994255900
192280.099594902
192387.042878068
192390.824606130
192704.087046421
193019.239737322
193332.506781116
193538.841959740
193638.246270576
193741.418629137
193737.655231132
193525.660024456
193420.603091095
193523.777263236
193302.359648743
193088.467050222
192979.633773744
192872.683734834
192870.798208673
192973.979136367
193079.045423589
193182.228238838
193388.597810710
193488.022489594
193377.308255944
193478.618925084
193472.977903727
193465.457845523
193461.698375118
193459.818779592
193656.832192203
193861.371353207
194071.542617629
194384.926208202
194488.140138522
194486.268212468
194274.220532526
194270.474561253
194373.691612158
194369.947489523
194578.259016841
194786.572927335
194994.889220979
194993.021450759
195094.380739223
194983.683989437
194872.984128378
194550.210689177
194437.630711455
194644.102369870
194745.472956631
194950.088308529
195366.794423093
195462.593756626
195667.237296515
195980.721006148
195975.147034254
195864.455494315
196172.386065492
196273.796460828
196377.064035046
196478.479346468
196471.065987258
196463.654103252
196666.506590206
196865.671790781
196961.564756375
197061.160735051
197160.761327767
196939.393133029
196618.408336835
196505.863431400
196603.621406851
196703.232956387
196801.003002341
196686.612978559
196572.218764764
196566.679887013
196561.141838790
196452.280943070
196553.759064896
196443.050420030
196223.470504954
196217.930833054
196217.930833054
196214.238179831
196208.699892072
196097.979424106
196199.471258047
195876.529224826
195549.875614519
195548.027243861
195435.440344810
195429.894976267
195428.046705115
195317.303549972
195210.255398471
195415.111397510
195516.619092406
195407.721828574
195188.072441727
194970.261167077
194964.714784291
194961.017659046
194955.472666106
195055.145537701
195053.298309343
195049.604130514
195154.823005679
195151.130475794
195252.659674874
195248.969163948
195141.900771572
195034.831120436
194927.760210610
194925.913454891
194602.843233828
194493.917443051
194597.298885908
194595.450955468
194698.834426476
194695.140306664
194586.212694794
194584.365320968
194477.282826448
194475.434999724
194473.587265805
194366.502422470
194364.654235814
194255.718950295
194359.110232874
194357.262417572
194355.414695109
194248.325321948
194141.234691783
194139.385971656
194240.933179569
194239.085376160
194235.390047971
194233.542523191
194336.942576796
194331.402751771
194115.361064651
193795.907893905
193790.360733955
193683.256360750
193360.084662519
193356.382852491
193459.792276126
193668.463672077
193877.137414808
193980.551846429
193869.748772841
193866.055009779
193860.515062603
193644.438254270
193537.321200031
193428.354346436
193214.112879498
193108.840440489
193210.413894787
193415.417138623
193306.444884695
193090.342879493
193088.493636118
193084.795429042
193079.248817623
193180.835436508
193177.139806715
193280.577859426
193276.884060724
193378.478832210
193374.787050493
193474.541378870
193574.300285414
193674.063769274
193880.970105799
193873.604465548
193973.381676272
194071.324111411
194272.740748608
194269.065797116
194372.536249945
194583.151607215
194690.293972439
194795.600831965
194897.240655357
194897.240655357
194891.740906708
194993.386026152
195202.177140499
195307.488709410
195409.141070364
195512.624967267
195508.967656825
195717.769376870
195715.942221547
195921.096327056
196126.258580724
196333.251500185
196434.928097442
196538.428500787
196638.289785874
196739.974876312
196843.481317464
196838.026032522
196725.423485549
196928.815241102
197030.515361893
197239.367906068
197555.370258612
197867.750248094
198181.946269681
198496.145525436
198806.738623485
198804.934064606
199117.343284166
199328.021629011
199538.699683118
199956.460366088
200270.684587487
200584.912044573
200797.385407907
200902.725354882
201111.614943439
201424.059707099
201741.869836396
202163.231654269
202372.129816408
202789.933140250
203209.522689475
203523.773737476
204048.713795893
204259.399280180
204573.658479698
204889.687424200
205100.373030350
205625.323721202
205832.488238135
205932.552864851
206139.727964173
206243.317437514
206238.045265655
206552.338235057
207077.335050859
207495.236596541
207806.048046542
208222.225572993
208534.804018272
208952.746336924
209368.961144365
209470.847106218
209572.735875953
209887.083928076
210201.435223597
210410.427928368
210619.422965234
210828.420334183
211351.785867105
211666.154943702
211876.883174843
212192.974998503
212403.702532542
212509.066195117
212927.091752399
213134.395310846
213554.147582778
213764.879618529
213968.781902040
214074.150200096
214284.886588530
214492.214789586
214804.918441207
215117.629383205
215219.602658880
215319.880643201
215843.362008101
216156.102060641
216677.914753396
217094.365937347
217405.450764306
217609.481413436
217607.798732081
217602.751202581
217706.455544178
217703.092383706
217592.658459152
217482.221462197
217478.857156736
217579.206270742
217575.844081314
217467.084790315
217570.801440442
217677.879611134
217995.749693598
218206.542572436
218417.335177987
218522.731378343
219056.400511788
219374.250748399
219479.643190514
219692.096683536
219800.824915298
220118.662111851
220329.440944324
220436.495007710
220650.599410563
220757.649749896
220970.084677480
221182.516901981
221398.265864930
221506.967360209
221618.984546584
221828.084851247
222040.500390719
222356.636566594
222784.759710954
223000.465244077
223110.791884994
223430.205700852
223535.576062803
223647.539421787
223756.202904938
223971.876110277
224082.179840921
224087.119969321
224194.126723330
224302.778016933
224520.073841740
224625.429668355
224729.141832451
225045.210604556
225046.852308490
225153.848958836
225259.203755222
225255.922786467
225359.639049022
225463.356589666
225782.702077825
226521.823173747
226632.074970136
226526.722297656
226636.972949175
226956.286842227
227171.875044648
227180.026302401
227184.918051249
227191.441542916
227303.303489816
227834.871264877
227943.460665047
228155.753761756
228371.294319070
228483.123838116
228487.998802269
228599.823613288
228922.286644524
229241.492045081
229455.371540992
229878.261300076
230199.061161496
230518.235170715
230736.929913426
230952.388220422
231273.145670815
231384.894180981
231493.418161085
231495.028473635
231603.549712926
231506.302944529
231509.524955749
231512.747293104
231410.676488423
231524.028042114
231532.088165880
231431.639988143
231433.253135964
231434.866365342
231651.882886487
231867.278962167
231975.779730407
232082.667901848
232187.945134981
232290.004442919
232607.446353364
232717.543443384
233039.789566311
233148.271422539
233468.894180601
233682.636423496
233685.840220918
234006.440866859
234327.030236107
234437.087216665
234650.802473157
234966.579848708
235389.208203607
235709.755345345
236033.470282605
236245.563894939
236250.329543254
236044.599585083
236046.189806066
236151.437365981
236575.601296653
236682.433915408
236685.607450617
237001.339262410
237422.314124399
237637.544913135
237951.689876214
238689.957308857
239326.115658205
240069.053149229
240698.902525606
241543.904656320
242285.204571699
242390.436344636
242497.221076404
242497.221076404
242605.557093360
243032.676203357
243461.323365214
243990.530210920
244310.825773137
244737.868924430
245061.217392939
245700.178715818
246020.412242251
246233.894969476
246551.046145899
247290.539733983
247394.217112315
247709.830833630
247924.810389088
248243.461165626
248351.704859940
248565.144542561
248882.257503552
249094.169517242
249411.274712981
249620.152190559
250147.644306904
250781.830375171
251522.694472787
252053.151125567
252476.902996491
252796.953729760
252902.139362012
253114.004598028
253434.036026398
253650.366903695
253760.019944259
253868.179113114
254081.511377875
254189.664584202
254297.815476540
254722.964051149
255041.444140109
255359.916333961
255783.546798590
255993.878955082
256416.019012930
256839.627139759
257054.373026611
257161.007019214
257479.430698564
257695.627712141
257802.253564032
258122.123542498
258230.211254702
258757.437589410
259182.428161017
259497.876627524
259814.782262681
260131.683615518
260448.580686472
260869.168088312
261186.057631063
261294.101653425
261714.679546365
262033.001828722
262243.287530986
262349.873217792
262558.715656447
262767.560497476
262872.703617586
263188.132636514
263502.125401460
263816.121564184
263919.832354109
264024.976767890
264235.265425545
264445.553856826
264864.702826090
264864.702826090
264969.847370358
265282.431563530
265386.153356466
265803.895458627
266119.336991161
266328.213227132
266538.508355273
266643.655835250
266747.388048367
266956.270144674
267167.979740883
267376.863946077
267585.750554714
267796.048175062
268006.345572393
268323.196734338
268638.639994931
268850.337582954
269164.377651944
269583.568964278
269583.568964278
269791.071608812
269899.012146188
270008.345751064
270114.886225493
270221.425436328
270644.785746583
270853.680640871
271169.110334980
271591.068582495
271802.737935313
272119.545346884
272434.967314908
272643.868516185
272854.150615141
273276.090161345
273592.884483672
273700.771026842
273909.674550249
274017.556592960
274230.572139055
274545.979335401
274862.752938034
275179.522286340
275389.790274320
275598.695560952
276124.367246912
276547.617158602
276865.725009910
277288.954779652
277609.747244134
278139.425511857
278457.492150510
278987.137950805
279516.763832499
279939.915080582
280468.171565530
280891.299687202
281102.859691579
281315.746877832
281635.068157987
281741.506051311
282163.269274041
282482.565318119
282695.423012232
283010.738749557
283431.159004561
283747.789534085
284172.146131447
284593.864877535
284698.966039071
285014.269214154
285329.571925495
285647.483597532
286070.485308683
286492.176328757
286913.861468576
287335.540729455
287759.798940636
288286.553821412
288395.512523360
288606.980808463
289028.624066875
289555.349370934
289873.173166640
290398.604840478
290821.498329456
291349.464229220
291667.252885023
292090.113952088
292512.964212327
292619.307209080
292621.835847403
292837.042292557
293050.976991483
293159.834223571
293371.234989494
293897.838857938
294215.555361301
294426.943835408
294744.647776942
295062.343820707
295274.969880795
295592.651559144
295910.325338464
296122.933377535
296548.134195593
296864.539942076
296969.594229932
297185.897264561
297400.950724695
297615.994690356
297932.366422134
298248.733922646
298670.140422068
298670.140422068
299095.226059623
299202.722156213
299625.328976950
299731.591418295
300047.924982652
300257.997188086
300469.289657748
300786.832623833
300998.117721577
301314.432501450
301524.497130296
301631.956793847
301843.231077719
301845.656285120
301954.321500015
302166.797209941
302378.057985135
302694.340103207
302906.801469009
302908.008265494
303120.463363159
303542.951733280
303754.191862115
304071.647057754
304389.094340889
304706.533711141
305025.159916081
305449.976991814
305556.178070273
305872.393576048
305979.780140683
306298.362156476
306299.549878740
306192.169427850
306194.546102855
306404.553608384
306618.118646195
307040.491943736
307356.673981101
307675.211470327
307891.099842057
307998.450475812
308208.435779388
308420.772594551
308738.094117223
308740.442405319
308950.419326112
309058.924777292
308956.284608319
309168.598829416
309063.615001082
308960.977878084
309068.306152350
309173.287398201
309278.268598536
309278.268598536
309386.762913897
309386.762913897
309495.253829957
309602.571179209
309603.741345895
309603.741345895
309392.619338807
309186.185741854
309294.676846145
309399.648958324
309400.820764108
309401.992627757
309506.963402170
309613.104760275
309510.477401592
309512.820357033
309723.925578711
309726.266295495
309621.300782401
309622.471873901
309833.571418140
310150.799677311
310361.891829880
310260.432496322
309946.721632072
309633.014298267
309426.615130646
309114.093478337
308907.710897219
308802.756661748
308697.802380723
308386.479127579
308177.755402602
307967.851424006
307864.082731034
307446.648713006
307030.413386760
306509.246560585
306199.183149303
305885.546169320
305674.460571684
305045.993560270
304313.795054046
304105.115993730
304001.381556811
303690.186097042
303480.305338317
302958.032763870
302540.710495394
302019.682144552
301394.963101989
300769.044945844
300246.847003827
299935.756831275
299625.915565217
299418.537950060
299314.851108517
298896.390787384
298479.179569346
298064.473065552
297963.296237859
297755.956318919
297444.956278649
297236.376212544
296819.223478592
296402.080609050
296089.860297304
295883.821285894
295785.225638688
295789.015499319
295897.709611347
296007.662815233
295905.288222094
295696.753207153
295278.423239301
294963.726741892
294751.387828846
294437.959120609
294230.707055539
293918.562828923
293603.870279713
293395.354239684
293291.737128602
292980.893683112
292668.777839337
292356.669611691
292254.351245504
292256.925481447
292155.899464974
292157.187517731
292265.937294145
292374.683682586
292587.021851150
292381.120273840
292280.104958388
292289.124718166
292188.119715169
292191.988795429
292515.613834533
292624.341876402
292628.205591182
292634.646375104
292326.525214123
292330.397257814
292128.445537370
292026.183059918
291820.371784114
291512.318757159
291412.667321187
291001.111218093
290795.345488299
290697.027143067
290593.499979110
290389.060806441
290075.883984265
289863.610870085
289445.606039182
289235.948876299
289023.663321832
288706.541120891
288498.195232148
288289.851822656
288082.830905845
287873.172441491
287869.208670816
287972.719415628
288178.425897084
288280.623133930
288070.953101681
287655.578968085
287554.714712134
287351.674776752
287140.692195907
286722.704513788
286513.047355629
286199.893218559
285987.570352340
285984.904102063
285667.741425540
285456.740547144
285142.241137351
284933.914046336
284721.567199240
284720.226585550
284718.886037229
284296.857985445
284085.839828770
283874.818918195
283876.164434551
283877.510016533
283983.692079353
283775.365564749
283565.693785810
283458.161228366
283247.137022178
283036.110061499
283033.408767169
282717.535667205
282299.526667811
281882.880009024
281466.243247726
281256.566586496
281046.889717963
281046.889717963
281046.889717963
281046.889717963
281046.889717963
281046.889717963
