-155.266096595511
-155.458016833136
-155.591529980182
-155.517265683513
-155.201963927819
-155.260029517610
-156.056768208150
-155.305643837271
-155.273759260275
-155.926814828090
-155.222352751327
-155.066629345251
-155.049483848096
-155.310220617685
-157.864545015862
-155.128457158919
-155.279479020026
-155.101559557410
-155.004446944043
-155.121409551943
-155.121988416003
-155.282378392828
-155.230328772401
-155.440624184905
-155.636573772643
-155.686194458087
-159.758165625026
-159.664927370234
-155.316462136436
-155.160131840635
-155.323251584446
-155.894745595209
-155.273255055890
-156.257022244884
-155.175593033815
-155.456339769418
-155.552538338731
-155.576209675339
-155.383260346031
-155.533367735564
-155.592433205493
-155.178050330659
-155.599377048838
-155.280992580750
-155.109591220210
-155.175305136056
-155.111937456437
-155.280808779747
-155.571703511572
-155.194194800446
-155.638380639731
-155.564051073202
-155.817694160834
-155.907638760832
-155.478979110485
-155.431363502258
-155.670159310098
-155.883814587745
-155.291129601972
-156.488166553778
-157.920822441078
