2182630.49869490
2182849.34555094
2183402.91438758
2183735.05581798
2184069.77937181
2184512.63532852
2184955.49145649
2185288.92621001
2185733.07624075
2185953.21124440
2186394.77505553
2187059.06040404
2187391.20322293
2187831.47471754
2188164.91016087
2188275.62447559
2188385.04596425
2188495.76024576
2188607.76748410
2188826.61071977
2188938.61747903
2189161.33937940
2189384.06216195
2189717.50039034
2190159.06379865
2190268.48397438
2190599.33363237
2191042.19168102
2191043.48582921
2191155.49524676
2191268.80152635
2191268.80152635
2191491.52794673
2191823.67254474
2191821.07913478
2191821.07913478
2191931.79391284
2192042.50870163
2192263.93831140
2192593.49111667
2192593.49111667
2192925.63538063
2193365.90458137
2193918.18391422
2194247.74096362
2194912.02891948
2195466.89635516
2195796.45341184
2196129.89117766
2196463.32998922
2196576.63553404
2196800.65893877
2196911.37409109
2197244.81743975
2197464.95001402
2197688.97717197
2197802.29183285
2198028.92931523
2198362.37982613
2198255.57768056
2198368.90594513
2198484.85434019
2198818.31307458
2198930.33994301
2199266.42501144
2199486.54569576
2199713.23362376
2199827.89820464
2200162.68460375
2200828.30672757
2201719.32900446
2201831.36912339
2201834.01602358
2202166.16940016
2202278.21182146
2202504.95270520
2202727.71691227
2203286.62717241
2203622.77905232
2203848.21878512
2204188.39801257
2204746.01485402
2205082.19994438
2205529.11161878
2205533.15022922
2205869.35510743
2206317.63875339
2206768.64489315
2207216.95794897
2207333.11877596
2207558.64823324
2207894.90582132
2208011.09365354
2208015.19975066
2208460.82959566
2209019.93209955
2209466.94793572
2209806.00526323
2210369.29375754
2210708.39326412
2211161.01705944
2211501.55397279
2211617.86729878
2211840.71617025
2212062.16638148
2212285.01631340
2212289.21910661
2212405.55720911
2212854.08343793
2213189.07711186
2213416.16910685
2213643.27210945
2214314.71046518
2214770.40174249
2215219.01058785
2215226.14823241
2215344.02991549
2215574.09242279
2215913.46831021
2216029.96060474
2216257.19300671
2216369.36765903
2216484.43644849
2216708.79229327
2216713.14119353
2216828.22609618
2217167.68856067
2217282.78977405
2217510.08818991
2217734.47282850
2217851.05654199
2218525.71444898
2218643.80024191
2218761.90235569
2219100.00824161
2219216.65932993
2219553.30471919
2219560.72687703
2220009.61185534
2220235.54937311
2220352.25194756
2220358.23035942
2220585.68877910
2220813.15828952
2221263.61417850
2221598.83173773
2221824.82440815
2221941.59760115
2221946.13211635
2222170.63138089
2222284.39699736
2222510.41908243
2222513.45466917
2222741.00798511
2222630.27068284
2222968.57241414
2223085.41011125
2223311.46788595
2223539.06275232
2223654.39693664
2223772.80812703
2224112.71408052
2224340.35582194
2224460.35954725
2224580.38671289
2224808.07189310
2225038.87960212
2225152.73458905
2225158.97021595
2225275.95752499
2225503.69732195
2225729.88053922
2225734.58562515
2225854.75549744
2225970.22068399
2225862.62912792
2225867.36086561
2225867.36086561
2225981.26186111
2225981.26186111
2226098.32858996
2226322.98159436
2226438.47888804
2226669.49169727
2226781.82584319
2226789.78399755
2226792.97167078
2227020.84499921
2227247.13004922
2227476.62519572
2227702.92730392
2227704.53206888
2227714.17389839
2227608.25666008
2227616.31798074
2227292.15313315
2227186.25885750
2226969.62219406
2226974.48615381
2226868.60772445
2226762.73457586
2226764.36080432
2227109.63992742
2227445.15186257
2227893.05153193
2228119.45961035
2228230.20912742
2228453.34614828
2228676.48410980
2228788.87323271
2228902.90388178
2228907.82991757
2228914.40679714
2229249.95065460
2229254.89433447
2229592.09663751
2229595.39977270
2229487.95416833
2229721.04686845
2229835.11592074
2229949.18778070
2230172.35295844
2230504.60941477
2230838.52806158
2231065.02311471
2231179.10590612
2231291.52471203
2231514.69709539
2231853.63042044
2232078.47815531
2232192.57558864
2232195.92227857
2232422.45458475
2232538.23944489
2232763.10493866
2232878.90027183
2232996.38533744
2233112.19485926
2233340.45384171
2233567.03316623
2233570.41563750
2233464.73834508
2233687.94398423
2233800.39466464
2234026.99525634
2234141.14720382
2234366.05840486
2234369.45955235
2234483.61995403
2234817.59325430
2235044.22034582
2235051.04708492
2235391.86785249
2235282.82170709
2235284.53390840
2235397.00466723
2235618.52054650
2235732.70662872
2235961.08725871
2236187.75945453
2236192.92052387
2236417.88238976
2236753.60656109
2237198.36812775
2237527.19665464
2237746.99114181
2238079.26854872
2238188.30417775
2238300.78686865
2238191.75186313
2238082.71735928
2238307.68758805
2238536.11793024
2238757.63745952
2239095.10810267
2239207.59988688
2239211.06531396
2239103.77289935
2238994.74732209
2239216.26820586
2239439.52483485
2239441.26117484
2239333.97500502
2239333.97500502
2239557.23482758
2239778.75651936
2240111.03912971
2240228.76131177
2240232.24576062
2240237.47718717
2240353.47607261
2240687.50865898
2240691.00508792
2240912.52911371
2241135.80262965
2241359.07710444
2241359.07710444
2241141.05478810
2241030.29246473
2240812.27202598
2240931.80637359
2241046.08253092
2241162.12048307
2241390.68964471
2241617.50582043
2241619.27014299
2241624.56691564
2241847.86198046
2241851.39789043
2241853.16679675
2241854.93633729
2241967.47099079
2242080.00643287
2242192.54266361
2242196.08788742
2242308.62632045
2242535.48123729
2242537.25755570
2242653.35572376
2242767.67977700
2242882.00666854
2242887.35340817
2242894.49127745
2243008.83040107
2243235.72772226
2243348.28387041
2243464.42316546
2243689.54224525
2243693.12997212
2243698.51632287
2243594.93925315
2243602.13980236
2243602.13980236
2243714.70965107
2243829.08343199
2243832.69161797
2243725.53376711
2243732.76253985
2243741.81278834
2243527.52536836
2243311.43085603
2243204.29383266
2243207.92905979
2243100.79667795
2242993.66654696
2242773.94680815
2242557.87193294
2242339.97759633
2242231.03117033
2242011.31444105
2241680.82724101
2241350.34031220
2241021.68024686
2240801.96532821
2240253.59404400
2239924.93902825
2239594.45504177
2239262.14085657
2238929.82675573
2238601.17340824
2238381.46161248
2238050.97860502
2237829.43546779
2237716.83259495
2237384.51821256
2237052.20391442
2236500.17743051
2236169.69403203
2235949.98244584
2235615.83667880
2235281.69207970
2235060.14941021
2234838.60677813
2234727.83547611
2234502.63525148
2234170.32190827
2233838.00864921
2233503.86827477
2233284.15340445
2232950.01354570
2232506.92993073
2232285.38817933
2232062.02087427
2231729.70859863
2231508.16712827
2231174.03063451
2230950.66583151
2230507.58379048
2230175.27235785
2229953.73144950
2229728.54697235
2229617.77670098
2229285.46594296
2229171.05537911
2228949.51523924
2228615.38625664
2228283.07642605
2228061.53658574
2227948.94891777
2227614.82257453
2227055.52826632
2226830.36229658
2226385.47294040
2226053.16546849
2225720.85808082
2225493.88855832
2225049.00426784
2224713.08261593
2224487.93287562
2224041.24981704
2223594.57062266
2223256.86239989
2223033.52686828
2222697.62621519
2222476.09119582
2222358.13693680
2222134.80760084
2221797.12588517
2221348.68466278
2221125.36161044
2220898.46318004
2220560.80533101
2220335.70403197
2220001.62307157
2219890.85734033
2219776.52682491
2219662.19913091
2219440.66832535
2219215.57853488
2218768.96178611
2218318.79858715
2218093.72170085
2217645.34797187
2217196.98181592
2216975.45378217
2216421.63386330
2216089.34202545
2215866.04662142
2215757.05027268
2215648.05441459
2215319.30007917
2215096.00299660
2214876.24381006
2214543.95170738
2214431.41920426
2214209.89134904
2213991.90054631
2213770.37247227
2213657.83984898
2213323.78030582
2212989.72191665
2212660.96473035
2212662.73266823
2212442.97323864
2212332.20925534
2212108.91311998
2211889.15341640
2211667.62555351
2211781.92731398
2211671.16323982
2211340.64063661
2211011.88889821
2211015.43197041
2211129.74208534
2211022.52563953
2210917.08758048
2210699.11173333
2210593.68207051
2210491.82126442
2210164.87402950
2209723.59507010
2209505.63326793
2209287.67341407
2208848.18309059
2208851.75954866
2208521.24948972
2208303.29618813
2208085.34483163
2207974.57817924
2207753.04490245
2207869.18830080
2207872.77594248
2207876.36608973
2207767.39486973
2207545.86043120
2207545.86043120
2207322.53039184
2206990.22908480
2206772.28607846
2206886.64710962
2206783.07456138
2206345.40574315
2206011.30120894
2205904.13592664
2205795.17013172
2205130.56251485
2205128.76086888
2204794.65661772
2204574.92182012
2204360.59449170
2204033.70238241
2203926.54513376
2203156.58611068
2203051.24256789
2202833.32451105
2202611.78668084
2202277.67031797
2201947.17341165
2201618.48723951
2201404.19687614
2201075.51621362
2200523.48349953
2200416.34400112
2200200.25399904
2199760.81024182
2199428.50062991
2199206.96093455
2198983.60387641
2198540.52497471
2198317.16926185
2198208.21589482
2198213.66836225
2197888.63645493
2197676.20659780
2197574.56176804
2197690.81584931
2197919.67842016
2197818.07086623
2197936.18542999
2197945.37783795
2197733.03994958
2197627.79861323
2197415.48334225
2197308.40644129
2196981.63436189
2196874.56272618
2196435.17077974
2195999.48871314
2195779.79489335
2195563.81427323
2195130.00699796
2195022.95274095
2194360.16250846
2194142.33534473
2193811.87160831
2193704.82258700
2193708.55147926
2193708.55147926
2193488.86526063
2193162.13663094
2192837.28138674
2192399.78643739
2192074.94496079
2191748.23645787
2191751.98743377
2191534.18630752
2191209.36730726
2191213.12745551
2190888.32110008
2190668.64816277
2190334.43106933
2190225.53587332
2190231.18795901
2190015.28860049
2189688.61519140
2189249.27755612
2188584.60460561
2188252.26824994
2187809.15323305
2187366.03835785
2186924.81148133
2186598.14186615
2186267.69489261
2185935.35789458
2185492.24202094
2185051.01589311
2184615.46333019
2184286.91044727
2183838.11737248
2183276.66477286
2183160.22500184
2182936.78237099
2182602.56239132
2182157.56538227
2181825.23080595
2181273.22317886
2181049.78377050
2180826.34533795
2180711.80491154
2180490.24922817
2180375.71194899
2180148.52259307
2180144.76966364
2180030.24213150
2180030.24213150
2180137.27124658
2180022.74899428
2179910.10058410
2179688.54725840
2179692.29086881
2179361.83296523
2179138.40691343
2178462.52832126
2178239.10850110
2177906.78011836
2177910.51498409
2177688.96245516
2177469.27800567
2177362.23947982
2176808.35725150
2176479.76701092
2176368.99045902
2176256.34427071
2175698.72545073
2175362.66304276
2175246.29133591
2175353.33967007
2175351.47685248
2175233.25650170
2175116.90440497
2174887.92790281
2174660.81566323
2174435.56164058
2174315.53565866
2174311.83929618
2174418.91894670
2174304.45399541
2173968.44544105
2173632.44038605
2173298.27980708
2172853.34760655
2172406.57768449
2171965.32617406
2171849.03923828
2171402.27725462
2171177.06317477
2170728.47617429
2170505.10108578
2170281.72696429
2170062.01452566
2169615.26801968
2169390.06787254
2169055.92665578
2168612.84212797
2168278.70249944
2168053.51001048
2167719.37346307
2167390.70963165
2166502.71920639
2166277.53228789
2165943.39912471
2165718.21724664
2165498.49680784
2165389.54708907
2165059.05694948
2164615.97527714
2164615.97527714
2164499.74498073
2164383.52070858
2164161.98089974
2163938.62463150
2163717.08505057
2163274.00599637
2163048.83662934
2162605.75841479
2162160.86694485
2161828.55871988
2161496.25057568
2161167.56852121
2160838.88807245
2160392.18226105
2159941.85847262
2159493.35500179
2159271.81738661
2158937.70358508
2158605.39754417
2158156.90593521
2157935.36915858
2157603.06406097
2157494.10030229
2157383.33188549
2157159.99072319
2157047.41874791
2157043.81326473
2157040.21023936
2157036.60967181
2156924.04262874
2156811.47636439
2156473.78224290
2156470.19105275
2156466.60231978
2156575.57582184
2156797.10974308
2156680.96566426
2156675.59407957
2156559.46176344
2156334.35543380
2156000.27145872
2155887.72040999
2155666.18864181
2155558.99307063
2155560.77914139
2155448.22705489
2154787.20282506
2154569.24444175
2154349.49964093
2154240.52155166
2154129.75518074
2154017.20076013
2154015.41331513
2153902.86036282
2153677.75678976
2153343.67447142
2153013.16128841
2152789.84538580
2152457.54804271
2152014.48504489
2151792.95360011
2151682.18789124
2150903.26436456
2150567.40704231
2150563.84859127
2150447.75059552
2150335.20937530
2150224.44455486
2150117.23267566
2149895.70277188
2149783.16129216
2149561.63159664
2149447.31597965
2149333.00312988
2149218.69304699
2149107.92870160
2148884.62839998
2148554.10711030
2148223.58605299
2147785.84686049
2147344.56239376
2147119.48692593
2146896.18603609
2146560.35125265
2146331.74719792
2145776.16123578
2145440.33843983
2145324.28208602
2144991.99233035
2144661.46586890
2144213.12590590
2143989.83896200
2143877.31580874
2143654.03067792
2143210.97976438
2142767.92899571
2142321.36310995
2141653.27646457
2141097.71053980
2140763.67030251
2140429.63121606
2139768.56532596
2139441.54156745
2139000.24766970
2138555.44386168
2138221.40349008
2137776.60230428
2137224.54519650
2136672.48815799
2136340.20212844
2136007.91618018
2135788.14506401
2135564.86837563
2135234.33503769
2134684.03113820
2134351.74490556
2134351.74490556
2134130.22079557
2133797.93469822
2133467.40170118
2133244.12471634
2132806.33639326
2132147.02713723
2132036.26479655
2131594.97088619
2131262.68379506
2131151.92144933
2130821.38989739
2130712.38347284
2130376.58528106
2130153.30638151
2129933.53623985
2129383.23460696
2128943.69655252
2128611.40918298
2128389.88431483
2128057.59707992
2127723.55483101
2127612.79254144
2127391.26798922
2127389.51373331
2127167.98937135
2126944.71170526
2126723.18756942
2126614.17862351
2126505.17013927
2126396.16211662
2126285.39985749
2125847.61589817
2125627.84706973
2125515.32858655
2125404.56616726
2125292.04854081
2125070.52390168
2124850.75420518
2124739.99183964
2124630.98484177
2124520.22241676
2124409.46000071
2124300.45332675
2124189.69085120
2123969.92203432
2123857.40347826
2123746.64103850
2123635.87860770
2123526.87198347
2123417.86581960
2123307.10326072
2123083.82207573
2122973.05962115
2122751.53473882
2122640.77231108
2122528.25479170
2122195.96782131
2121867.19080888
2121650.93484579
2121318.64692699
2121209.64150504
2120771.86509883
2120550.33933219
2120437.81798903
2120323.54023144
2120209.26521567
2120096.74754833
2119766.21544975
2119544.69062033
2119212.40344315
2118883.62687969
2118774.62047346
2118554.85188526
2118336.84122827
2118338.59943473
2118115.31569823
2117779.51365008
2117559.74497214
2117230.97136253
2117120.20860427
2116898.68311446
2116566.39494648
2116343.11274009
2116121.58753056
2116009.06897166
2115787.54397118
2115564.26395457
2115342.73918090
2115008.69802878
2114674.65802775
2114340.61917759
2114115.59242298
2113672.54492913
2113338.50953043
2112893.71363942
2112336.41023412
2112114.88737565
2112002.37943461
2111998.88819491
2112107.90458597
2112106.16039747
2111882.89492021
2111882.89492021
2111550.61214862
2111327.34790628
2111213.10418211
2111211.36363039
2110988.10270651
2110875.60311910
2110654.08235182
2110539.84602904
2110429.08582233
2110093.33233393
2109757.58226492
2109532.59527748
2109309.34335599
2109196.85186356
2108862.84235406
2108639.59327335
2108527.10433645
2108194.82677178
2107753.51925863
2107307.02545573
2107083.77997366
2106969.56811257
2106964.39322826
2106737.70716774
2106621.78553000
2106505.86978102
2106168.44479311
2106057.68724311
2105831.02668243
2105827.59936716
2105824.17445974
2105595.81851230
2105479.93691072
2105364.06119201
2105471.40738610
2105469.70328673
2105355.54107536
2105128.92507353
2105234.58144146
2105227.79092711
2105113.64439025
2104885.35947203
2104767.83967528
2104652.01804201
2104532.83079680
2104529.46171541
2104413.65935213
2104408.61588088
2104405.25657429
2104286.11634026
2104061.26094296
2103727.32992730
2103502.47942588
2103390.05531495
2103057.79945212
2102942.03582836
2102822.94370799
2102594.78015639
2102257.53845986
2101918.64391616
2101692.16808862
2101464.04342098
2101125.18002600
2100902.02913275
2100678.87917240
2100563.18047484
2100447.48763379
2100333.44607468
2100219.40722121
2100105.37107304
2099875.66656224
2099760.00134727
2099756.72623860
2099751.81807759
2099748.54897156
2099746.91531893
2099518.89283608
2099294.13887980
2099176.87937739
2099173.62660631
2098727.39162435
2098725.76763023
2098722.52144193
2098497.78613067
2098271.43433348
2098045.08884307
2097821.98148785
2097488.12996646
2097258.56954041
2097032.24561158
2096691.96775685
2096353.31161947
2096016.26935404
2095570.09156967
2095459.34823200
2095127.11827482
2095014.77434999
2094793.28792080
2094462.65861163
2094132.02955350
2093910.54298541
2093576.71291487
2093355.22658367
2093135.34028994
2093022.99715658
2093132.14088791
2093238.08912883
2093234.89556874
2093231.70440294
2093230.10971790
2093665.11391527
2093771.08354140
2093769.49388604
2093877.05813615
2094096.95362024
2094202.93449981
2094199.76359915
2094308.92035003
2094527.23524910
2094636.39339747
2094743.97009811
2094851.54891947
2095180.61132900
2095400.51348878
2095841.89729747
2095728.00052512
2095835.58717134
2095830.86086777
2096267.52711009
2096596.60283517
2096927.25094312
2097144.01961954
2097142.45052976
2097583.83982892
2097803.75046734
2098132.83350535
2098463.48451969
2098795.70234374
2098904.87502074
2099124.78733873
2099564.61304608
2099563.04840843
2099450.74544132
2099446.05713839
2099556.79585787
2099665.97287922
2099664.41177166
2099442.93460297
2099330.63573494
2099218.33761607
2099435.13876379
2099534.98752974
2099865.64736819
2099867.20081477
2100197.86052988
2100414.67823643
2100743.78831127
2101297.47560452
2101629.68809447
2102072.63821408
2102514.03697435
2102838.49998396
2103058.42614920
2103166.06846108
2103495.18671274
2103936.58863229
2104268.79931617
2104710.20134450
2105148.51466197
2105365.35882730
2105583.74844016
2105688.32488995
2106015.91907632
2106232.78174855
2106783.39021924
2107112.52879316
2107440.13667801
2107881.54632811
2108101.48552310
2108212.22085067
2108432.16036425
2108987.36841258
2109208.83923099
2109430.31008782
2109653.31350568
2110205.45838937
2110759.13603589
2111092.87614802
2111203.61180316
2111314.34746791
2111754.22319024
2112083.36491880
2112303.30412025
2112412.50832902
2112410.97772034
2112187.97729128
2112294.12630276
2112624.80364066
2113063.16321055
2113283.10711473
2113610.73726485
2113829.15975314
2114050.62870430
2114378.26567359
2114705.90694627
2115036.58984123
2115255.02047469
2115250.46862307
2115355.14145762
2115682.80209295
2116231.93342209
2116339.64581093
2116671.84508059
2117007.06605598
2117117.79932825
2117116.28815017
2117331.71538363
2117440.93999270
2117662.40582262
2117657.88397292
2117651.86329860
2117981.05360530
2117865.81532032
2117966.05430377
2118289.27765070
2118721.76160539
2118602.10489246
2118811.69760676
2119133.53321937
2119132.05643694
2119241.30969507
2119241.30969507
2119461.29282752
2119898.31241358
2120446.06870586
2120660.17748289
2120987.96067482
2121425.01172385
2121974.26134774
2122519.13278309
2122846.93912721
2123065.47912266
2123171.83807233
2123383.11971501
2123270.94200409
2123266.59321403
2123595.87663740
2123812.98908075
2124032.99604224
2124251.55867277
2124357.95417822
2124465.79597769
2124572.19988853
2124458.59595955
2124562.13637748
2124774.98399363
2125097.14826001
2125422.18869607
2125637.94105197
2125965.84682415
2125964.42592970
2126072.30963373
2126400.22455798
2126840.28382050
2127171.03744837
2127391.06803005
2127609.68384637
2127829.71570497
2128049.74796144
2128376.26605715
2128593.47938109
2128810.69746074
2129026.51403249
2129023.70332224
2129128.81121509
2129344.65013942
2129674.01630794
2129783.33922427
2130000.58942817
2130440.68263701
2130550.00846809
2130877.98892947
2131098.03791227
2131201.80052286
2131528.40655561
2131524.24543558
2131630.81008990
2131737.37985498
2131843.95473150
2131838.43620444
2131945.02323837
2132165.08590226
2132159.58608350
2132376.90580977
2132374.16294760
2132483.51136933
2132370.05320950
2132256.59772933
2132255.23030597
2132251.13167977
2132136.32025714
2132021.51466890
2131909.43543512
2131908.07487111
2131905.35556472
2131902.63868719
2131786.49476197
2131786.49476197
2131785.13972226
2131559.64383868
2131447.57421724
2131220.73680252
2131216.69078572
2131103.27991075
2131100.58814748
2131099.24317633
2130987.18249296
2130873.77951241
2130981.81134175
2130868.41345225
2130755.01823596
2130752.34139252
2130749.66697662
2130856.37532147
2130852.37353552
2130960.42384757
2130845.71603018
2130729.68623377
2130729.68623377
2130505.60328295
2130725.70647047
2131056.52457744
2131165.91409203
2131275.30410767
2131491.44075750
2131378.08421955
2131374.12526054
2131479.56882261
2131587.65086319
2131694.42135548
2131690.48372967
2131577.14856007
2131574.52905449
2131680.01010410
2131786.80512582
2132006.92556534
2131893.60527804
2132113.72715942
2132332.54750323
2132328.64527289
2132435.46049994
2132542.28086074
2132539.68946851
2132426.38889950
2132419.92740033
2132636.19133316
2132853.75057336
2133070.02989962
2133509.02175532
2133834.74623154
2134052.32949170
2134378.07568067
2134703.83547905
2134920.16930418
2135135.24442556
2135351.59832584
2135459.77860643
2135678.66999449
2136007.01088635
2136116.45886658
2136222.13031261
2136550.48380593
2136769.38867850
2136765.62540556
2136760.61622204
2136867.57345922
2137194.70371225
2137300.42776047
2137299.18340220
2137295.45397676
2137291.73002534
2137509.42518643
2137725.88854741
2137831.65438483
2137937.42953503
2138043.21399919
2138370.41943288
2138474.99785419
2138805.89082554
2138914.15047066
2139019.97118969
2139124.58394610
2139342.34545742
2139336.27676231
2139552.84156597
2139768.20805217
2139985.99798735
2140202.58961011
2140419.19017761
2140528.69352378
2140750.10077609
2141190.51597575
2141520.22943867
2141851.14209691
2141959.45151212
2142064.18012595
2142282.00855755
2142390.32926491
2142608.16591503
2142826.00747132
2143045.03960794
2143262.88925554
2143480.74381332
2143699.78438810
2144137.87174915
2144245.03886660
2144243.86177253
2144795.01832941
2145235.47481627
2145675.93309845
2145783.11600638
2145890.30411042
2145996.32926065
2145996.32926065
2146434.46689805
2146654.70362851
2146871.44978871
2146980.98813721
2147088.20494976
2147085.88533508
2147194.26863264
2147412.19797257
2147520.58685437
2147627.82433960
2147625.51887356
2147845.76701424
2147954.16490672
2148175.56473001
2148506.51416129
2148725.61485593
2148834.01789452
2148941.27687898
2149160.38511660
2149271.08464452
2149490.19489443
2149707.02308569
2149815.44056646
2150033.42055117
2150251.40548677
2150469.39537471
2150798.08890953
2151236.35429154
2151345.92194752
2151453.23129563
2151673.49946513
2152002.21198884
2152112.91022589
2151892.64062281
2152114.03718352
2152111.78387977
2152441.62736038
2152658.52829087
2152765.86101721
2153094.59436558
2153645.84551366
2153866.12292363
2153863.88886544
2154083.05217294
2154301.10373037
2154522.49844722
2154520.27237855
2154851.25198718
2155073.75888178
2155292.92926701
2155294.04110733
2155516.54828189
2155736.83040310
2155735.71837073
2155734.60695071
2155734.60695071
2156065.58779832
2156065.58779832
2156396.56906957
2156616.85356524
2156727.55076476
2156727.55076476
2156619.07411015
2156953.38931191
2157284.36952581
2157283.25804689
2157393.95540814
2157504.65278038
2157503.54181836
2157613.12875654
2157835.63385730
2158057.02860490
2158165.50533506
2158386.89995718
2158388.01007648
2158498.70745188
2158607.18502135
2158825.25422152
2158933.73742908
2159266.93557333
2159380.95704117
2159494.98432543
2159829.30013686
2160054.03524693
2160388.35855503
2160389.47444290
2160390.59094422
2160726.03860982
2160838.97570127
2160841.21706474
2160953.03710114
2161178.92712679
2161515.52666519
2161853.26730191
2162299.45833407
2162413.55767337
2162305.12780467
2162422.65131949
2162652.04099321
2162765.02970151
2162876.87526827
2163212.41630987
2163214.71251585
2163441.86571371
2163667.88055082
2164005.76483493
2164455.52907776
2164794.61585190
2165021.85530099
2165357.47152789
2165803.79708802
2166027.54934977
2166139.42657036
2166254.83306998
2166480.95324242
2166928.49142646
2167261.78527565
2167485.56043305
2167821.22862678
2167934.30688237
2168160.47142174
2168386.64666750
2168611.63752831
2168946.14308907
2169500.86463660
2169832.97980817
2170163.89803543
2170605.52171094
2170828.12856005
2170941.22910247
2171056.73277384
2171060.33806802
2170841.33328739
2170955.65335961
2171179.47795642
2171404.51417184
2171408.14396229
2171521.27331945
2171633.19224465
2171968.95340546
2172194.01429110
2172419.08139198
2172641.71459813
2172863.12882087
2173196.47024398
2173307.17745612
2173638.07894132
2173968.98082836
2174187.95733838
2174522.51685556
2174855.85877368
2175630.81025828
2175964.15379509
2176296.27627603
2177067.56547396
2177398.46767906
2177730.58995877
2178284.12730854
2178841.32920792
2179173.45237829
2179840.14589071
2180062.78620099
2180397.36130691
2180954.58412325
2181398.64633702
2182067.81975505
2182402.41126425
2182957.18945414
2183069.13294526
2183514.44041913
2183628.86142265
2183409.92024691
2183525.59219557
2183528.07717926
2183309.14498455
2183091.46057362
2183204.66386793
2183317.86986123
2183541.78886288
2183544.28994606
2183212.15873312
2183100.19771141
2182765.56768469
2182542.89881790
2182545.39647039
2182882.53054035
2183215.91452415
2183771.97488436
2183663.77404084
2183779.51221158
2183782.02960832
2183896.52164798
2183677.62254190
2183456.19978214
2183238.56629130
2183130.38392754
2183134.18227996
2183247.42948959
2183028.54344234
2182917.83147731
2182807.11952303
2182590.77761336
2182482.61006526
2182374.44478790
2182485.15713094
2182595.86948472
2182705.30789877
2182818.56884813
2182821.11995271
2182600.97126090
2182492.81318465
2182384.65737833
2182163.23185754
2182056.35855935
2182172.19961098
2182398.76437715
2182625.33996386
2182627.91809119
2182630.49869490
2182630.49869490
2182630.49869490
2182630.49869490
2182630.49869490
2182630.49869490
