261019.167041,
261000.588192,
260994.969326,
261007.658321,
261020.950818,
261038.755829,
260997.989385,
260966.489602,
260918.673363,
260909.620073,
260891.508984,
260836.099641,
260794.310199,
260781.893628,
260734.393806,
260754.390613,
260763.444555,
260732.820087,
260710.466006,
260650.208959,
260629.624308,
260758.705512,
260584.868601,
260547.529067,
260534.991264,
260523.713494,
260466.066394,
260452.258372,
260426.555554,
260389.063283,
260415.347785,
260379.2597,
260379.776686,
260325.460241,
260308.247749,
260269.158898,
260251.228897,
260191.9983,
260207.906469,
260137.975251,
260038.457103,
260223.863458,
260187.793109,
260914.603357,
260815.398051,
260715.22381,
260622.994437,
260587.397885,
260525.161083,
260507.342749,
260417.792698,
260393.564802,
260399.069952,
260434.162622,
260449.13373,
260458.938316,
260415.335063,
260436.310307,
260419.4299,
260411.772691
