259574.281775928
259523.660365780
259430.131844536
259389.577363339
259317.504581461
259308.470137314
259331.101574573
259301.349587590
259292.315724670
259272.776107625
259305.766274027
259307.238649016
259308.711097094
259342.436896274
259333.550989718
259366.834639534
259431.192586447
259485.633236718
259560.642256950
259625.145191615
259700.005484303
259796.169266594
259912.166116524
259966.160779059
260009.943765504
260011.413011901
260023.534049777
260046.012819501
260100.299153145
260185.951612982
260260.658046923
260366.877124836
260452.086377702
260547.945812828
260623.088932023
260708.735297228
260825.599850246
260941.730862386
261057.861249676
261205.503063632
261321.339655345
261457.453152210
261561.762854993
261697.877314199
261823.634031702
261960.040859362
262107.243271649
262233.437343908
262359.631180357
262475.175274911
262589.992129258
262715.168348108
262830.858290810
262913.147981031
262921.909588343
262982.757360720
263002.314552872
263021.581842562
263083.302779554
263091.921512984
263131.909476765
263129.734295541
263085.684885283
263031.710128626
262977.589713511
262934.118814906
262911.512611629
262868.040923073
262834.783792405
262812.176777594
262799.929853577
262735.590841708
262629.519420901
262523.882914644
262397.089296656
262259.498330838
262153.714246573
261984.458291797
261899.392744782
261803.820619653
261728.968026225
261623.325649787
261465.006916816
261329.158834656
261171.423219008
261055.418989861
260939.999092140
260961.011103235
NaN
259851.709559224
259976.611476002
260069.995315824
260174.179799702
260299.524549742
260350.298897486
260466.310306016
260612.962692006
260761.370543046
260866.581494228
260961.870355604
261089.115982074
261206.000027146
261332.951235269
261386.795647347
261492.732678202
261629.895709117
261714.527529870
NaN
258522.993470586
258588.243344099
258726.440177067
258843.181530934
258928.257957758
259024.428938922
259089.082875838
259101.947292288
259187.904887027
259314.997144112
259442.088271722
259569.472658922
259707.213357978
259823.943080928
259940.524660067
260025.885020739
260090.235241200
260111.244475718
NaN
261618.226311294
261787.455634070
261903.726831838
262019.851444539
262125.325974183
262251.516047428
262377.123454566
262523.156629020
262647.601730431
262729.887701017
262780.372481127
262820.935393944
262841.362341180
NaN
261980.818753750
262105.725783465
262156.510151713
262249.901355119
262355.252798218
262419.451464000
262441.916280369
262422.357390870
262371.426717131
262245.647766838
262140.007730454
262033.784958069
261980.818753750
NaN
263321.936383572
263437.347378547
263573.334522163
263688.456645978
263813.361574719
263885.597242963
264021.731652568
264147.938519678
264263.351464938
264441.795692215
264558.073197112
264674.205940556
264780.408732356
264760.982153273
264625.857592587
264574.773770617
264513.762395669
264473.184930926
264316.190944162
264211.288082518
264032.996721260
263864.487574555
263758.427826576
263652.656500062
263526.453746306
263358.810739714
263222.102922045
263136.904235328
263166.679421232
263217.755108050
263311.431310050
263269.555890498
NaN
260461.896772342
260294.251267047
260146.882974423
260041.829398151
259946.399726075
259861.033952151
259796.237407306
259720.787381436
259677.000470935
259717.553360059
259789.624342809
259872.349051397
260007.898008657
260175.699408728
260365.978702543
260525.031553501
260674.015916388
260759.817886306
260741.002408296
260700.737334073
260607.653094187
260514.276931222
260462.043359281
NaN
263321.936383572
263278.467388157
263234.853055892
263159.867295461
263011.633226715
262874.048135114
262799.494475140
NaN
263093.662204622
263217.976322612
263332.222376240
263414.955690046
263507.905125198
263611.505380476
263705.614570082
NaN
263017.557776933
263163.593411332
263288.187626249
263359.974252226
263453.204615806
263524.558969818
263606.418897861
263678.500024181
263760.652255180
263843.384401286
263999.936856601
264125.410835314
264251.029725039
264198.652374814
NaN
263852.587153331
263902.651096689
264047.979587788
264172.734219059
264329.292625784
264422.247587269
264462.824379026
264453.040608390
NaN
264927.479686958
264798.972153694
264744.574942419
264711.475611408
264657.221134498
264571.017416412
264506.399707772
264431.131461086
264271.383617068
264165.171921139
264079.538152568
264004.553600692
263929.856890432
263769.810778852
263705.473609488
263576.363709761
263512.024472386
263426.527009254
263362.330940620
263287.338328227
263244.733076150
NaN
264677.950245769
264846.029562788
264930.356901639
NaN
263291.158784526
263291.014031444
NaN
263715.113077853
263786.635165169
263922.928913351
263924.516428890
263799.451906159
263715.257534033
NaN
264196.079602262
264257.823965040
264280.278027423
264196.223692273
NaN
265748.707704779
265591.670869195
265444.712175888
265359.364171096
265315.328276166
265366.146060962
265470.218644755
265627.831801185
265807.031907836
265912.535748999
266008.246145790
265988.946195295
265885.302499401
265780.229588868
265663.361282968
265619.900502332
265712.893538804
265817.825410907
265901.885320134
NaN
266244.921152788
266296.032495524
266389.460794957
266461.446748919
266586.543043016
266691.763911325
266777.535020053
266894.258734780
266885.458875535
266748.859765125
266645.208216426
266508.894901037
266351.994700360
266235.127149641
266245.063871378
NaN
267886.253359613
267937.518294834
268042.456519383
268169.401205550
268129.775343261
267993.739957654
267887.670071202
267896.761285981
267876.170458042
NaN
269328.649995522
269348.116806627
269441.561148524
269566.951974770
269755.531353792
269893.116802876
269926.746669505
269803.042616517
269709.317432984
269573.422011817
269447.612647370
269351.495750027
269329.072403049
269329.354011569
NaN
271458.079581093
271551.394794725
271655.497634710
271812.140894559
271948.186998340
272084.233688932
272199.404039095
272325.221644463
272430.440110875
272567.598539588
272716.096255568
272801.129529042
272875.931548851
272898.748821505
272869.443934112
272724.419124368
272599.023614712
272452.475084039
272347.956772798
272254.085345842
272096.057329812
271958.208206158
271779.859893921
271633.034228489
271443.481390054
271357.746652500
271345.145564474
271406.377765630
271426.835243642
NaN
274855.223870618
274793.828685182
274647.413094128
274530.731119337
274518.709797884
274622.546605887
274759.144542828
274833.796664882
274855.223870618
NaN
275350.087076106
275236.707379683
275143.931453268
275008.855711689
274830.380101936
274619.971606496
274460.993875524
274396.162202289
274383.588682484
274424.238964966
274464.614405528
274483.700890380
274598.316326518
274723.027378150
274901.375821422
275006.860446210
275165.566982871
275261.366403526
275316.096894607
275328.250139242
275370.826518702
NaN
271965.587222210
271943.041181185
272089.306896089
272216.923469006
272144.625633833
272028.769153328
271975.955105991
NaN
260886.413527779
261085.807431399
261242.725966434
261359.060842205
261485.613862900
261591.001634606
261718.134755967
261887.595444996
262014.580869756
262131.200857665
262248.399684279
262344.433407192
262450.395833236
262629.922156091
262725.518171517
262841.842382332
262979.328614786
263085.286591817
263222.337581536
263338.225619848
263537.031521175
263652.775117859
263757.721323149
263862.379570492
264040.745458987
264166.854007345
264324.777041036
264471.903279693
264598.154961693
264798.543086129
264946.528587958
265063.129626754
265190.668126986
265371.750543800
265456.821446320
265583.925907813
265710.600431902
265932.136392286
266069.032108639
266216.435844629
266373.919920564
266511.099459141
266669.437364366
266879.035707998
267067.618068685
267235.610383949
267413.827355631
267675.545201739
267821.671786594
267926.190216175
268114.494315547
268251.105081717
NaN
253884.884976863
253991.049171236
254149.919474981
254266.293646361
254341.070325568
254437.168014440
254565.246685175
254660.594616578
254818.560703982
254935.377372343
255041.085028288
255156.408329197
255282.541024778
255388.247517960
255494.102386384
255610.765258898
255748.746457774
255886.726116533
256003.088153449
256119.449432371
256246.172131101
256342.252895571
256310.127116018
NaN
256431.506534896
256663.782733244
256822.185263938
257023.369702324
257182.509159441
257362.815534231
257521.655289024
257690.856168319
257849.250020153
257944.285815376
NaN
256222.513082927
256381.207656627
256529.390539619
256698.592475340
256794.814840993
256912.796980206
257071.927978672
257262.290604781
257452.059736802
257653.076355991
257811.904154361
257876.143463638
257972.648908378
258205.776078046
258385.615772231
258639.313424242
258935.632877194
259031.097754434
259147.727106599
259254.874384728
259415.004965934
259573.812121075
259721.962251420
259848.507422577
259943.818751403
260081.164275296
260229.017544515
260355.267644533
260513.043403290
260586.603804480
NaN
247306.895423315
247188.164429945
247144.416372896
247100.053378070
247013.476623595
246916.383397784
246829.803575165
246753.891246525
246678.439128450
246560.616838687
246485.624041074
246441.099538195
246407.397897232
246352.972304558
246276.898529223
246222.163340281
246114.385200173
246081.296449562
246037.074911584
245971.203829286
245905.793976600
245861.878561587
245828.016734702
245805.133643516
245781.633721909
245747.616720742
245692.256992457
245689.636020033
245698.457378328
245664.901710274
245651.455392693
245617.282445869
245583.417399412
245549.860298834
245526.974752017
245535.796623668
245523.120481918
245520.499854125
245475.036185234
245408.997704710
245407.147598462
245426.642760172
245435.465637936
245433.770194212
245379.327559702
245303.230091474
245228.210880306
245090.077699178
244972.363421046
244886.358912113
244809.945787982
244732.604537798
244676.609442850
244631.750823420
244598.183659360
244553.478362799
244498.870619037
244486.805497531
244453.082221468
244440.089713852
244448.910175776
244425.861076308
244327.623723524
244272.857509209
244238.822590710
244151.255941733
244085.811663245
244009.845428588
243933.568590508
243910.669890087
243854.814758660
243831.605950335
243819.227848100
243795.245110240
243740.006535923
243749.599845875
NaN
245529.810457209
245496.100580748
245472.597497358
245417.391194863
245351.204264309
245306.512468472
245283.934575457
245272.645561146
NaN
245306.834413235
245252.087657644
245165.016546372
245077.634673647
245011.594759119
244946.171955874
244891.420289853
244806.352149619
244710.611070632
244561.971243516
244456.174960289
244392.758873014
NaN
250776.855203721
250648.599204201
250562.992709971
250466.722232748
250360.091599718
250253.307540553
250157.337695478
250041.105742505
249891.815879145
249849.161176250
NaN
249641.527332684
249513.866654320
249237.059547392
249183.738396509
NaN
248715.416717212
248630.251094305
248523.907896631
248375.056317699
248439.047030834
NaN
249055.531960965
248970.359713975
248832.010570894
248714.380141182
248628.746231617
248553.318764408
NaN
247889.078307167
247824.462409196
247835.436147109
NaN
277921.017582623
277982.560753418
278119.002943178
278130.864679672
278153.503355773
278016.927363670
277942.300810324
277963.583987154
NaN
279344.289910478
279217.542146503
279281.657781098
279209.194271292
279124.336206622
279091.063461262
279206.091807514
279322.603601705
279344.289910478
NaN
280680.251983176
280818.028683718
280902.875394964
281019.237400640
281135.732316604
281273.236619777
281399.967250304
281505.820380969
281601.034101708
281748.905894986
281876.033287717
281992.387874540
282140.123027386
282277.219196817
282224.561696219
NaN
280085.187864518
280104.852630309
280103.507850418
280207.213098354
280322.499330441
280386.872286919
280440.873927628
280410.836621184
280263.903895091
280159.393786361
280085.187864518
NaN
283267.855187055
283184.878710243
283079.832543166
282900.855602190
282753.126153609
282740.894192272
282813.232242215
282917.483995285
283022.930597519
283097.525535820
283213.873511385
283278.359848243
283267.457540593
NaN
287677.230580257
287540.040917847
287465.348350579
287306.629592089
287169.176118052
287000.341970604
286862.885967922
286725.559297040
286525.472393128
286377.509256973
286271.689663374
286197.118182780
286091.166074223
285974.578394461
285847.747961549
285742.186312035
285647.259060615
NaN
290227.809389049
290132.644597965
289974.335435826
289858.035318469
289710.226460428
289604.427096440
289467.118813025
289403.715636036
NaN
290590.970667645
290443.827133443
290296.297514612
290159.268233719
290053.870490963
289927.598743451
289822.329035983
289706.557795622
289548.781225373
289433.009227368
289275.102529575
289159.329704096
289043.427183489
288927.653604131
288948.785723034
NaN
291300.701982471
291205.418147974
291057.368157070
290920.331106871
290741.285511802
290603.861903589
290434.674083165
290307.878311809
290191.583721080
290054.412468105
289970.137518099
NaN
290929.427914019
291077.109997830
291172.787690450
291216.461301593
291217.867566781
291145.754900863
291050.590655233
290923.661379250
290828.239546172
290743.063545194
290772.906974736
290855.906602862
290929.427914019
NaN
291168.538113416
291020.996525275
290830.932860442
290714.639405047
290598.601632729
290492.937193143
290355.765048789
290419.035877017
NaN
294448.569247350
294397.320332463
294271.299803709
294217.277993865
294184.259233913
294098.982645454
294014.083664739
293929.183961519
293980.558208249
294107.087850860
294244.623076768
294349.895089460
294266.761527603
294373.040866368
294447.813506575
294448.569247350
NaN
298405.360456796
298330.619379915
298349.889552924
298401.280848784
298505.424258831
298641.812029882
298768.315943884
298853.185972860
298906.799686419
298845.398932951
298730.508960421
298668.616509344
298574.852641194
298458.852359425
298384.235580528
298405.360456796
NaN
300755.051766238
300788.140883658
300914.873703277
301030.739390402
301135.982677521
301283.834882404
301410.076856022
301515.562399177
301600.778313005
301715.910399623
301630.451658278
301525.209706851
301439.870710965
301375.652488581
301228.042752123
301101.676227969
300985.442983342
300859.441707033
300754.807294391
300744.551684284
NaN
302039.944898803
301913.947055249
301787.097792696
301754.138546320
301901.259380632
301975.852441962
302039.823430263
302029.445081108
NaN
301882.490017404
301776.650688783
301701.941513794
301596.587685135
301584.504817880
301699.993077239
301784.714838403
301814.994478337
301951.724028768
302089.546992905
302174.388239944
302122.987945543
302018.973194155
301903.487434410
301871.869619462
NaN
303723.970896869
303608.977453677
303534.526727563
303617.664856552
303723.247116528
303713.352419420
NaN
304748.380138228
304686.355956019
304539.392093162
304485.582794003
304473.883311350
304588.635711719
304694.331979692
304758.277464926
304748.500173965
NaN
307169.963078930
307254.891188530
307308.800005880
307299.487237746
307195.580627110
307176.008688444
307302.804527976
307397.871063634
307335.954546114
307230.391185915
307104.425914097
307050.516688302
306924.075541851
306915.002977991
306968.556943443
307084.380705002
307200.678231004
307243.970185651
307128.503875822
307023.653133101
306886.955377538
306771.251160987
306644.930706319
306541.031454262
306424.374567624
306433.681255951
306548.554322543
306494.284025171
306471.980732590
306449.677224926
306500.736495664
306551.796614811
306645.204431050
306739.088455283
306864.584578973
306969.560590699
307085.627024920
307180.460617149
NaN
306617.218872571
306490.549655407
306384.991228499
306247.346995560
306109.343178322
306023.939318427
305980.640147492
305979.207896802
306061.988518702
306145.127913329
306249.738396309
306334.546764952
306419.592561267
306379.035007608
306306.631002531
306318.438305122
306445.110824176
306550.432463072
306601.367801468
306644.781398691
306677.460190592
306794.584627402
306722.181107116
306658.251971234
306617.218872571
NaN
300656.954060042
300752.053560763
300847.397141610
300932.363715087
300996.210369454
NaN
256688.924736546
256624.395347463
256528.492691100
256401.216352925
256316.116560260
256251.285843406
256186.901214641
256132.576345794
256027.203786969
255901.114239188
255815.860980211
255719.950091742
255624.038174013
255518.214906569
255422.749276908
255316.625695513
255220.560482996
255124.942831279
255103.777450951
NaN
256622.610437704
256526.409589183
256409.341807086
256323.645739502
256269.470853540
256205.234691648
256140.550990302
256065.358885096
255980.105340459
255884.194130743
255767.117099522
255671.054424676
255596.006523680
255478.776353406
255393.517082349
255329.721504776
NaN
257471.799171321
257365.994729202
257270.547487688
257217.867362146
NaN
257741.998413666
257719.504171093
257644.625459370
257559.684114519
257443.370712902
257464.680430464
NaN
258427.865309465
258290.102168428
258194.658624168
258109.276956803
258033.956950068
257948.425405810
257852.978478644
257863.633075862
NaN
259041.497555797
258915.278352961
258777.815189322
258671.721586617
258608.242147303
NaN
259053.182596361
258968.103150237
258894.118899676
NaN
268667.509646396
268752.418344039
268688.242688551
268667.650857212
NaN
255850.364061842
255935.628848001
256041.315633571
256103.179919643
255997.492833083
255892.400865313
255860.724323386
NaN
252774.262618462
252879.962368211
252973.795931117
253067.630042917
253108.163157276
253054.258912075
253000.354134835
252936.089522057
252840.746419722
252736.400386987
252642.564889586
252548.729940937
252454.895541047
252424.875714210
252478.783402333
252574.125707365
252679.826241460
252774.111832742
NaN
252946.179797200
253050.850952799
253144.709765508
253039.286728731
252956.090635296
252956.692000632
NaN
252393.251753802
252498.070990252
252454.516072168
252371.323317623
252393.101044129
NaN
251730.386618978
251719.723382953
NaN
251378.644441893
251483.465380542
251429.542268356
251324.266806027
251346.804774881
251368.132098049
NaN
251554.330559111
251649.698282055
251754.369328895
251805.572341591
251825.087338703
251719.508584568
251614.533873169
251531.340265836
251553.877039594
251554.330559111
NaN
250756.341495094
250850.199923042
250745.222135663
250756.189888115
NaN
251058.123620882
250952.240161335
251057.669229344
251047.611041206
NaN
252811.648410345
252811.497908678
NaN
255825.770833840
255836.131255665
NaN
257081.270493984
257091.631374432
NaN
256943.911038345
256943.762756845
NaN
256996.308360073
256996.308360073
NaN
257151.871017602
257162.232082168
NaN
252314.233265484
252452.151528418
252600.435072538
252749.017071889
252854.632335484
253003.211763175
253141.422775868
253205.718381663
253375.176451324
253504.062599203
253600.650784223
253707.305416744
253814.406755918
253771.446935132
NaN
253264.361478417
253412.921326023
253561.479506599
253730.468048548
253868.806966569
254026.979164875
254175.381965565
254292.835562194
254451.600837393
254579.565747512
254697.163237738
254815.056755828
254942.867268024
255018.550995563
255145.614677333
255262.757839032
255337.694585313
255496.594337707
255634.761419606
255783.737469896
255943.818338083
256008.087060669
256146.839971482
256231.985932713
256369.846859269
256539.542711958
256677.992123758
256815.996080758
256964.216254221
257059.573788410
257249.696750663
257397.618259111
257556.641425769
257610.532957459
257718.167107612
257888.139630570
258005.693311019
258143.829156096
258272.185861847
258400.246431061
258325.630417268
NaN
257715.073572339
257863.138898060
258031.787528253
258200.729438542
258348.791429359
258517.877849315
258665.497172366
258771.064882185
258929.488927209
259066.886574823
259235.528348341
259414.681971519
259583.468411977
259689.032524824
259868.475913365
259974.184836209
260079.893200695
260259.042048693
260374.970031387
260490.897665595
260701.727216352
260797.211182564
260935.761362620
261094.752291847
261253.450937907
261380.902394345
261476.381224791
261634.930918635
261730.408063004
261836.251423217
262005.599385525
262111.585732967
262238.594674262
262323.700663704
262408.805934261
262483.543488170
262632.438611681
262728.197026306
262781.331573832
NaN
262459.051078002
262638.183164610
262817.458772904
263006.956513275
263112.072584586
263269.314409648
263384.510182843
263510.649677825
263637.220587239
263742.767820714
263827.722697001
263195.877193353
NaN
257826.581717641
257912.464910721
258061.142292754
258230.553892552
258389.449020957
258548.049381506
258695.987359227
258864.660779251
259064.145873661
259211.789015374
259369.507828950
259548.255660570
259705.828320270
259864.129950461
260012.644684975
260161.448990146
260278.708354612
260416.703706243
260429.691111756
260484.007312689
260632.948655906
260782.033142780
260856.356625162
NaN
259915.536640193
260104.362192684
260263.099782488
260390.147005791
260569.765494749
260706.889095796
260864.460156045
261022.611631162
261202.371069321
261308.383944133
261455.728811713
261646.143514000
261731.269978718
261900.797816711
262006.227833229
262186.122476114
262344.698680635
262514.076020804
262703.614604258
262903.954410738
263084.416589726
263190.417263290
263349.273025859
263465.498015519
263571.208784663
263676.631877873
263762.175627362
263826.404531793
263848.148803687
NaN
262733.722475218
262893.009352099
263031.123431240
263105.868328516
263244.123484065
263402.971698238
263477.282382826
NaN
262117.514015561
262295.654795707
262484.742336477
262589.582534782
262777.949330024
262977.262509991
263092.616699067
263260.535809754
263438.824345671
263522.065533270
263626.908007478
263795.546467144
263700.642545060
NaN
263911.762993441
264049.434945101
264239.383179501
264419.390111592
264587.880540826
264715.749823681
264800.709023297
264662.041991692
NaN
264081.129292777
264218.387394320
264376.816214976
264504.273391171
264621.929675821
264687.442998118
264784.496653516
264954.002380153
265028.454869293
NaN
265450.854696828
265555.705886793
265649.616645583
265806.040970741
265994.434499754
266183.113249227
266382.873994613
266277.736785438
NaN
264193.942951982
264289.268276711
264447.808137015
264627.370582923
264807.217741023
264997.717806455
265146.168774743
265325.439140042
265481.972973812
265639.791487043
265818.775563318
265924.319731147
266073.333345015
266242.371947840
266410.982794432
266516.524023295
266696.354825488
266813.541329883
266952.316162588
266984.842598714
NaN
263891.222910968
264038.671118494
264206.854788777
264385.693168379
264564.817730198
264722.202746790
264901.040125718
265006.297293952
265174.193904188
265352.459398829
265520.784739490
265690.107908467
265785.422699270
265954.743102785
266155.168331523
266333.858720173
266501.753526156
266659.705482826
266839.246907539
266976.742559029
267156.139555088
267261.391616513
267429.992729870
267598.027221878
267766.344503993
267924.574279524
268103.825003019
268199.128758847
268294.431910370
268474.243726071
268559.175372288
268707.311369645
268864.690127745
269011.558454752
269168.656665774
269305.155418956
269463.096725603
269642.058862034
269819.759178849
269955.417938097
270111.819474026
270257.571987214
270435.697354607
270540.386947079
270655.866957226
270833.993837402
271011.982068658
271179.599576240
271316.102470425
271421.350881539
271536.970968554
271716.073251569
271894.758225293
272052.698782383
272231.244611369
272347.002512289
272452.110883547
272567.591604488
272745.860775100
272987.610060742
273208.061357076
273313.031700974
273501.399550531
273700.279524690
273857.805211747
273993.483971877
274087.394920562
274265.119535143
274390.427693804
274568.566319258
274684.187712109
274800.220121751
275021.635639898
275137.940356307
275328.230682705
275423.511770663
275550.324627625
275666.216329950
275222.438089099
NaN
265053.620836399
265222.692810491
265370.023914883
265527.013566732
265673.063547841
265840.284264504
265976.391938665
266133.669435750
266291.231285712
266449.502473662
266597.401027775
266755.953747071
266925.301797388
267063.108065605
267211.567665290
267296.522152308
267445.544233472
267583.627280235
267711.477928198
267860.211509957
267998.148274902
268135.519856619
268304.992102836
268463.809015104
268559.267191262
268718.362571571
268846.058989080
268994.778555436
269154.008464153
269313.236220364
269472.181493576
269641.637097084
269800.578711425
269948.866639422
270139.480406992
270309.347434796
270394.280011281
270553.073351511
270753.772353602
270912.144275008
271124.186928863
271283.668864858
271389.617883931
271484.915708291
271664.859319731
271844.662049456
272055.996488694
272172.312659609
272309.650299286
272446.433157755
272562.193589815
272678.092143363
272793.852093194
272983.189111211
273088.713698717
273194.375873578
273384.676715557
273574.424383062
273479.550685260
NaN
272495.524851302
272653.906213815
272801.911941018
272949.364606624
273107.191515441
273254.643324194
273423.395152826
273571.121028125
273718.708573642
273866.570342170
274014.705816773
274163.389015789
274353.707664701
274511.802470284
274669.211759859
274773.923270734
274595.900201311
NaN
275829.096018908
275977.081067044
276114.553053028
276273.455758389
276400.957294474
276518.489144671
276582.510169191
NaN
275183.519160420
275321.122145813
275468.415466449
275647.787968329
275795.489530250
275964.348737268
276122.968194470
276270.530747900
276418.228702331
276576.164879691
276755.801573276
276924.790050965
277019.794597568
NaN
277082.588160889
277240.114859860
277418.934145214
277576.460792964
277745.174525823
277904.187495727
278052.012516728
278210.752099955
278379.730846562
278559.218754020
278738.301219776
278938.403775805
279096.732657670
279212.347080802
279422.420702823
279527.793011131
279653.917496128
279759.155227833
279885.547449375
279990.784733790
280170.530694008
280075.536661840
NaN
280230.649476975
280420.237621146
280589.338389048
280768.947889860
280927.401963446
281096.498217607
281275.836758308
281381.337274108
281560.274932618
281749.854930435
281939.301323498
282044.401620354
282223.602313624
282434.596774096
282624.305036721
282729.536375097
282898.091190886
283056.267505688
283256.746082488
283372.485612175
283551.415298745
283740.722459935
283855.934741441
283646.134794877
NaN
285647.630364299
285542.551639117
285437.472862583
285248.985730601
285091.629927163
284913.127531954
284745.133063452
284640.054473429
284513.697273545
284282.260671750
284166.805309749
284051.218333766
283893.336052137
283766.977122138
283598.717899559
284418.994858519
NaN
237553.979606556
237532.819381834
237511.820814397
237501.321529741
237501.644914933
237491.307342887
237480.646369670
237470.147096099
237469.985383658
237469.823672015
237469.500251120
237469.176833414
237458.515806186
237437.517165173
237427.017843727
237405.857453205
237395.196371963
237384.858792965
237385.020551680
237385.182311192
237385.344071502
237374.682993099
237363.860130223
237353.037243990
237342.214334388
237352.551919080
237373.550647889
237405.210478177
237426.370917363
237447.369611482
237458.030668553
237468.530007570
237479.352744324
237490.175457712
237500.836457932
237532.496038723
237553.494629586
237553.656287779
237553.979606556
237553.979606556
237532.819381834
237511.820814397
237501.483221938
237501.483221938
237491.145642613
237491.307342887
NaN
236054.623076761
236043.960829917
236022.636297863
236001.474282427
235980.312239357
235969.487328738
235969.162159922
235979.499347715
236000.498887818
236021.498425406
236042.660498319
236063.822543596
236074.484815974
236085.309590688
236085.472106616
236085.472106616
236074.972380796
236053.810391896
236043.310657705
236032.810922885
236043.473199555
236054.135463437
236054.460538185
236054.460538185
NaN
234172.737029689
234194.064913251
234204.728835859
234215.719959524
234205.546904880
234174.209721586
234163.218529809
234152.554595768
234131.063032599
234109.571396415
234109.244064302
234150.918178196
234182.419253623
234213.920323341
234235.248206720
234246.075711476
234225.075054592
234204.074395173
234183.237355140
234183.400977865
NaN
234352.750840815
234331.912979454
234321.412313716
234289.910312694
234268.908975515
234226.906293546
234216.569174694
234248.234704191
234279.736673950
234300.737983957
234280.227224298
234248.888850660
234227.887586130
234206.722755331
234195.894976369
234195.240710048
234215.914966645
234236.916349025
234257.917728869
234289.583299345
234321.085339227
234342.250169867
234352.750840815
NaN
231786.112284079
231775.281219177
231764.450130988
231753.453979163
231763.789993852
231784.297044953
231815.800258248
231847.468444596
231879.136587148
231900.468589498
231900.963440998
231890.792339010
231870.120270164
231849.283265247
231817.615283657
231807.114284438
231786.112284079
NaN
229917.954591432
229939.289784661
229970.960285217
229992.129289126
230023.965776031
230055.802182716
230076.971063867
230108.641324899
230140.643541481
230172.479659962
230204.315698223
230214.817053990
230257.320272005
230310.158738122
230352.495760487
230384.331385673
230394.998528383
230447.836569144
230469.004908323
230511.341503711
230543.010992145
230585.347406074
230617.016779852
230648.851819549
230680.521087077
230701.854813984
230744.190800941
230765.358752936
230797.193441982
230850.030284358
230871.198098074
230913.533642544
230934.701373295
230934.866920436
230966.701211275
230998.535421895
231040.705098675
231072.539151760
231115.039579577
231146.708012123
231189.042789008
231220.876491433
231231.377455266
231273.712010906
231284.378306689
231316.046455926
231326.712711914
231369.212306892
231400.880295859
231432.713504974
231464.381387704
231517.381381912
231528.047440388
231549.214320588
231591.713172159
231655.213444482
231686.880927452
231718.713467909
231739.880087078
231739.880087078
231792.879043712
231835.212048668
231866.879221330
231930.378415122
231951.709726297
231994.042304296
232004.707900915
232047.205243632
232100.367920896
232132.199453947
232153.530336074
232185.361723532
232196.027112741
232217.193030753
232270.190100545
232333.852218700
232355.017938741
232386.684104193
232408.014474741
232429.180091919
232471.511243312
232524.342703501
232566.673618151
232577.174021420
232630.005197071
232693.501149185
232756.832340462
232809.498545882
232872.829440812
232904.494822585
232957.325159270
232957.489552981
233020.819989486
233052.485142041
233094.814819777
233126.479857729
233168.645083438
233210.974493437
233221.638948670
233253.303792830
233295.468784713
233316.633349773
233348.298062557
233369.298411403
NaN
230995.721836647
230996.052834422
230985.717194683
230964.880433408
230943.712628852
230932.880408673
230922.048165211
230921.882623035
230942.884974557
230963.887323515
230974.388497033
230995.721836647
NaN
229159.674658429
229159.174568302
229169.342010463
229168.841952111
229179.009447204
229178.676095329
229188.843635224
229177.676059445
229187.676986435
229187.177006434
229197.178005888
229196.678060125
229217.180141664
229227.181277988
229237.349074380
229247.516899331
229257.351557239
229267.352867098
229277.187643900
229287.189053937
229307.525115373
229317.526644373
229327.528218981
229348.031060666
229368.533984885
229388.870503113
229409.207135529
229419.375494560
229450.213623359
229460.215647827
229490.887622532
229521.726191675
229552.564923577
229572.902371998
229593.572597553
229603.741405424
NaN
230914.361447102
230903.529249080
230882.361519321
230840.025976838
230808.357058681
230766.021334738
230734.186636643
230702.517541403
230649.514666676
230617.845429767
230575.343452126
230543.674081951
230522.505882036
NaN
229698.088348464
229729.759005207
229761.429618119
229803.767836045
229856.773539627
229920.280433450
229962.950452119
229994.620638168
230037.124271324
230058.292998166
230089.963015516
NaN
229302.873943670
229345.213848119
229376.885489289
229408.723497371
229440.395032273
229514.406009543
229556.745385120
229599.084650066
229651.759170299
229694.098222723
229746.938775263
229778.609799243
229799.945369814
229831.782462500
NaN
230290.483466308
230279.816269376
230258.481837188
230226.812010166
230205.809415831
230174.139528170
NaN
229533.413392084
229544.247793519
229555.248489346
229566.415467531
229577.582406422
229578.081345155
229589.248235174
229579.245564276
229579.578205702
NaN
229792.301739691
229771.131807744
229749.795677311
229728.625677939
229717.791385883
229696.621326847
229675.617452206
229654.447349997
229654.447349997
229643.779173303
NaN
230461.378344630
230461.212569004
230439.712086587
230418.211531274
230386.375094038
230354.538576600
230333.203624845
230311.868622003
NaN
229856.143592510
229877.479490153
229920.151132184
229962.324406379
229983.660082522
230015.331452589
NaN
229781.670012561
229781.836107446
229792.836670596
229793.334948148
229783.330998345
229752.156536087
229721.148294175
229668.969610826
229627.127024154
229595.620442358
229542.776945248
229500.435532771
229478.932201073
229467.931064215
229446.261302286
229435.093768769
229434.594848404
229455.100653927
229465.270446494
229496.445032676
229548.790705906
229590.634039817
229643.312146088
229685.487802375
229717.327162164
229749.332551152
229760.167093164
229770.835512212
NaN
230260.023868547
230238.688788682
230207.017911351
230185.682726385
230153.679853143
230121.676864951
230100.507452537
230079.338012471
NaN
229232.371261886
229211.200675993
229190.030062450
229147.688752402
229136.853616263
229125.851925521
229114.850202702
229114.184069468
229092.680118287
229071.176094261
229039.169775057
229017.499005017
228996.327912304
228985.659056984
228985.325864667
228984.992675642
229027.001832893
229110.853600752
229162.865594420
229204.541903908
229235.715983350
229266.723727595
229287.395622683
229307.901189911
229328.739570276
229359.914013402
229370.083727762
229380.253470643
NaN
229456.126177347
229477.464078999
229499.134359754
229510.634316129
229532.138214559
229543.471836749
229544.302854610
229545.133893007
229545.798738509
229525.624874052
229505.118664371
229484.446276680
229463.773941461
229453.271512003
NaN
229560.488730486
229550.484513704
229540.314156156
229529.977633514
229519.807324887
229509.138420197
229487.634354676
229466.130216341
229444.626005192
229423.121721227
229401.617364448
229380.112934858
229358.608432460
229336.771277411
229325.769511460
229314.934010963
229314.435120892
229303.599582694
229303.266983776
229313.603653882
229345.112555006
229376.621450313
229408.130339807
229429.136262911
229428.637606012
229417.469735148
229406.634274877
229395.798791380
229384.963284652
229363.458446956
229342.286050760
229331.782974413
229321.446168737
229300.273741501
229299.941175468
229288.772935534
229278.269817152
229267.267806908
229245.596299592
229234.926821814
229223.924699375
229223.758384656
229223.425757685
229212.257274947
229211.758331127
229190.086514416
229168.580937888
229168.580937888
229146.908945042
229136.072913786
229114.567139612
229103.564680697
229092.728556562
229060.552809863
229049.383827828
229027.877720710
229006.371540824
228984.698870691
228962.693255917
228952.023260248
228941.020380780
228919.180968855
228907.845103926
228896.342746486
228896.009853358
228884.673891965
228873.171435840
228861.668931143
228860.670239154
228849.001229443
228837.665065778
228826.828215884
228804.987983198
228793.818125156
228761.473664932
228729.295522573
228718.458440626
228696.950719382
228675.442925407
228643.597447652
228622.089497996
228589.744153767
228579.239953145
228568.569172784
228547.060984280
228515.048473310
228483.202470972
228461.860668040
228440.685460856
228429.847868039
228376.492946416
228323.304414860
228291.457861103
228248.940081402
228206.422143664
228163.904047901
228132.057076031
228079.201071412
228036.682548308
228015.506667816
227962.483390325
227899.122305257
227846.098629689
227814.584920331
227751.223414204
227698.366336998
227634.837395916
227581.979987556
227508.113116946
227455.255391895
227423.574133500
227349.706782886
227286.343942698
227212.643539693
227191.466715146
227138.775621644
227107.093962387
227085.917023926
227085.749600609
227106.256914546
227126.596919184
227157.274507231
227167.444629692
227166.942554559
227166.607841946
227176.610686547
227165.436373905
227154.094669787
227143.087631417
227132.080561096
227121.240823157
227110.233692914
227088.721470300
227077.881639669
227066.539623362
227055.867123465
227034.522085449
227023.514731432
227023.179918852
227033.350283724
NaN
230353.297654116
230353.794434246
230354.622417507
230365.953654263
230377.284846189
230378.278424667
230368.768910173
230359.259502118
230359.921995188
230360.750129951
230351.240930762
230362.737736911
230363.565941282
230364.559813550
230365.388062961
230334.376541796
230303.365138634
230293.359437990
230283.519496795
230273.845344291
230233.160432730
230222.989276113
230203.144397010
230172.797151081
230153.118581739
230143.611072015
230133.771967409
230113.762213782
230104.089160261
230094.250302834
230094.582080571
230084.245612255
NaN
230064.568199083
230044.227305511
230003.379895879
229972.537111659
229941.528480776
229941.860500200
229911.184097593
229880.341846687
229838.665479687
229807.657426083
229776.317236139
229734.973447448
229725.634524966
229715.464842953
229684.789768264
229654.114902481
229633.609695184
229612.938317030
229592.266991364
229571.762000712
229551.090794613
229530.585953528
229530.585953528
229520.416724340
NaN
230374.801028966
230374.469867257
230363.304217832
230362.310733218
230371.986258846
230371.158430320
230359.827150661
230348.330258195
230326.495341884
230315.495051641
230293.825553489
NaN
230538.302438820
230538.798634357
230528.791001683
230508.610446757
230488.595482086
230478.918974508
230469.077087171
230459.400737951
230459.731688318
NaN
230509.190571690
230520.190857947
230531.356474664
230553.026170770
230574.861118031
230586.357244970
230587.183969591
230588.010714668
230578.498893534
230579.325715926
230590.325709707
230590.656436375
NaN
230367.681774065
230367.350682781
230356.350444633
230345.350174429
230344.853519598
230344.191324623
230343.860232049
NaN
229811.400017208
229832.741762042
229875.259475806
229917.942631351
229949.954864249
229992.472102890
230024.318542695
230077.340593776
230130.362442400
230173.044510285
230205.055927433
230226.727673507
230248.399326795
230269.905473654
230302.247256503
230334.588860294
230356.425451958
230378.096567734
230399.932945679
230432.273951134
230443.109358206
230454.110072944
230465.110755655
230465.606741176
230476.772705988
230476.938032948
230477.434018736
NaN
229833.073055681
229811.896992714
229780.050007701
229727.192464964
229663.663779480
229610.640131370
229557.616280812
229504.592227803
229472.578677351
229430.059638779
229419.222505189
NaN
228758.743135978
228790.592911326
228843.620296988
228896.813637191
228971.018088817
229024.210848495
229088.075025669
229130.761613156
229163.108446633
229205.794632485
229206.126617286
229249.144497331
229281.490695089
229324.176185370
229366.861471874
229398.875303012
229409.878335174
229420.881335347
229421.213111239
NaN
228037.682173768
228090.212589746
228142.909565089
228205.945984609
228279.654937037
228342.691267174
228405.893989875
228448.084546537
228490.441408795
228543.636837873
228596.499388920
228638.855840840
228691.551871653
228733.908111570
228776.430445224
228819.118802593
228861.806956246
228882.984808908
228883.150956683
NaN
225847.104255984
225836.262194658
225835.926158125
225835.590124923
225845.592160918
225866.100340082
225886.440625980
225917.455124705
225959.143822863
226021.677050313
226074.207866635
226126.906487079
226158.928348207
226191.117882347
226233.813343692
226255.328752662
226255.664264520
226277.179580077
226288.356566076
226299.533513088
226279.024840175
226258.516249582
226237.839955435
226206.657805457
226185.981627609
226154.631774801
226091.764288956
226049.740724185
226007.549216882
225954.683774657
225922.830056865
225890.808261814
225869.292327143
225847.776319884
225847.608302660
225847.272270710
225847.272270710
NaN
226438.182106137
226417.003417123
226375.149243583
226322.621840145
226280.264263683
226237.906576774
226205.886446399
226184.036015585
226173.026821513
226182.860946408
226192.695135604
226233.878552938
226254.554267097
226285.903513999
226338.431928012
226380.454647458
226433.150731656
226465.170780893
226476.011783103
226508.199324531
226529.881139722
226540.889660915
226541.224960071
226531.222388001
226510.714352522
226490.038709629
226479.700907821
226459.025343477
226448.519862868
NaN
226947.448228016
226947.280613252
226936.441329122
226936.441329122
226967.785899085
227009.802141558
227030.977819450
227052.321019004
227073.831706415
227095.007265108
227116.182796169
227137.023295311
227147.192313191
227157.361359586
227157.026391100
227178.201948154
227178.536892443
227168.367829616
227158.366284934
227137.860812243
227117.187901516
227096.347508995
227107.354051550
227097.017650831
227086.681263217
227076.177337422
227054.834357922
227044.497986266
227044.833126801
227013.153768952
226991.978305410
226938.955709739
226907.108525129
226895.933932931
226885.094614538
226884.759301637
226894.760385929
226905.096792906
226915.433212989
226936.608948692
226947.280613252
226947.280613252
NaN
226539.063248636
226538.895433921
226549.064243675
226559.400880420
226569.905322271
226580.745337051
226570.744294760
226571.079889568
226560.743298066
226560.911104008
226550.574532898
226539.734515801
226539.566697764
226539.231064182
226539.063248636
NaN
226580.788841878
226560.113741537
226539.606394039
226518.931413028
226488.086777457
226467.747449103
226457.577827681
226447.576005822
226437.574229538
226417.235218718
226407.569174161
226408.240409921
226419.584453451
226430.425038264
226441.433399026
226463.114443216
226474.458289710
226495.971388473
226517.652181767
226549.669942038
226581.687587622
226624.042182375
226645.219438314
226677.069110248
226709.086364625
226751.440579537
226793.627069794
226814.804092658
226825.476391642
226805.137439586
226784.630973474
226784.630973474
226764.124589754
226753.955254292
226743.785947338
226733.449001864
226733.449001864
226723.615094956
226713.613566600
226703.779778549
226693.610646644
226683.776967672
226673.775630614
226653.437615143
226643.436396952
226633.099713738
226622.930805808
226612.594156088
226592.088680845
226581.919870739
226571.918891122
226562.085768861
226552.420533303
226552.924005400
226563.931752988
226564.603044857
226564.938695775
226555.441477998
226555.441477998
226555.777155130
226556.784206456
226557.455590616
226547.958617010
226559.301965572
226581.149278426
226592.660351116
226614.171792602
226636.018814441
226636.522300264
226647.529669172
226648.033150545
226648.200979330
226638.032802568
226616.857277126
226606.521288189
226617.528681470
226607.528443458
226597.360380812
226576.352803433
226534.673459743
226525.009274512
226525.345117974
226515.177242944
226494.505686260
226473.498263928
226442.323082414
226442.659042619
226433.331286527
226434.171262988
226434.339260773
226424.339673675
226414.676166101
226405.012743311
226395.181366701
226406.525032578
226406.693068873
226407.365222364
226418.540794822
226430.724545618
226431.228665555
226442.404131518
226443.076290488
226454.251704767
226476.098323843
226487.105604323
226497.944831710
226498.280874759
226498.952970823
226510.296212509
226532.142478887
226543.989638946
226554.828673381
226597.176649731
226660.530457842
226703.046106612
226745.561597150
226777.238256540
226808.914872073
226830.088542196
226840.591443754
226861.765078445
226893.609386627
226935.956477966
226978.471226854
227010.650750276
227042.662389833
227074.506196294
227117.188073110
227170.204799524
227201.712973862
227244.226727886
227275.902433909
227297.410596247
227339.923988363
227382.437222233
227425.117821609
227425.117821609
227457.128137122
227457.295644785
227457.965683715
227458.468221604
227490.478286794
227522.320757503
227575.502997046
227639.187406869
227702.704117220
227755.550845145
227808.564747975
227840.071854031
227924.425269593
227966.601885369
228019.280770929
228071.625257977
228124.136919950
228176.982754660
228219.159077642
228261.001250591
228292.508175869
228345.019705030
228397.531217986
228439.707350610
228450.209642195
228429.872828204
228409.536128365
228378.530342232
228368.362096376
228358.694878230
228348.860733636
228339.193674293
228350.363863636
228350.363863636
228382.872159299
228425.715278674
228468.892071332
228543.407383419
228607.253375523
228660.430260552
228713.773712612
228766.783244754
228819.959343927
228872.968440207
228925.977333505
228978.652664031
229010.157827973
229041.662986091
229052.164704174
NaN
238033.385945652
238043.723517998
238054.222492031
238075.220438221
238096.057019299
238106.555996694
238116.893624611
238106.233286821
238095.572936233
238063.753184993
238074.090825870
238105.587876619
238126.585907332
238147.906587195
238148.229242021
238138.052925130
238117.377673550
238117.377673550
238106.878709748
238086.042150954
238075.704569732
238054.706662442
238044.046310443
238043.884913823
NaN
238595.659142448
238585.160019324
238574.821938529
238574.982982271
238585.643131103
238585.965209593
238575.466118261
238554.467933723
238554.306874634
238543.646710173
238532.986532916
238543.324583001
238543.163520606
238543.002459005
238563.839674732
238574.338812066
238584.998983652
238595.659142448
238585.321055790
NaN
241384.756026470
241363.758665519
241363.599307319
241363.439949905
241352.622530103
241330.987620279
241372.504520616
241414.180889320
241456.016643895
241487.353670622
241508.510467715
241519.486985232
241498.967298246
241478.288410691
241468.108276844
241478.925547244
241510.580872958
241542.076907028
241552.894067615
241531.896739348
241500.560017819
241458.406071012
241437.408731654
241416.252063265
241395.254706018
241384.756026470
241384.756026470
NaN
242323.236106565
242323.236106565
242313.056329664
242292.379004012
242292.696861272
242293.014721663
242303.830123479
242324.984111694
242345.979171004
242345.502471872
242345.184676363
242355.523347448
242376.518480938
242387.333788801
242408.805472653
242418.826443665
242407.693463612
242386.380572071
242365.067629302
242344.072416728
242333.733707896
242323.236106565
NaN
243038.180868083
243027.524877593
243027.207928659
243016.234956717
243036.913136739
243078.428089123
243099.106412337
243130.599195238
243151.752769198
243173.223070337
243194.693298194
243205.349203627
243184.512503203
243152.861509985
243131.708021392
243121.368886463
243132.183244303
243153.653491090
243153.970288992
243133.133711186
243101.641239703
243080.646255651
243069.990310684
243059.334352907
243038.180868083
NaN
245054.884776268
245065.225882963
245075.567002791
245106.904596747
245138.399283687
245159.395738610
245180.706259100
245180.863294259
245159.866880667
245128.686393198
245128.843463097
245149.996899137
245150.468076897
245129.785898745
245108.475421540
245066.325644571
245055.356119799
245044.700803700
245044.386562486
245054.884776268
NaN
248516.094806029
248494.790091392
248483.982623407
248494.324836487
248504.822139661
248515.164371765
248536.003931354
248546.191146905
248567.030763571
248598.522756011
248609.175094665
248588.335470578
248546.811346359
248547.121450667
248557.928832263
248568.581147749
248568.736190366
248547.741668448
248526.747144136
248526.592075572
NaN
257122.885943264
257112.536320389
257102.186710621
257070.838966531
257049.990326076
257008.143581460
256965.997755738
256944.700460054
256944.251744632
256954.451724500
256985.799537447
257017.147384758
257037.996132429
257058.994399851
257090.342320627
257111.490058268
257132.637768440
257143.286335876
257143.585228332
257143.734675666
257133.385033792
257122.885943264
NaN
258536.799865323
258536.651178742
258505.156406851
258463.014638423
258431.222335977
258430.776092924
258440.976914941
258451.029034894
258461.229921383
258471.430836139
258481.631779154
258470.835985704
258480.888257660
258480.739555562
258501.290307921
258532.636918203
258542.838030802
258542.540715319
258542.243402769
258541.946093152
258573.144270331
258593.844017708
258625.339531798
258646.187952299
258677.534911325
258698.234834378
258740.080407813
258771.575994877
258813.421624176
258855.415748919
258886.911336444
258918.555332786
258950.050890535
258992.193328891
259034.484051931
259055.926039914
259077.219631035
259098.364859758
259119.806659744
259120.251563330
259120.548169377
259089.497942307
259068.946196631
259069.391221500
259038.489642277
259028.436440426
259008.033390623
258997.535114436
258945.043724882
258924.047165042
258892.552320967
258882.054038459
258861.354433790
258840.506385747
258829.859618235
258820.103892761
258820.846458596
258831.641685334
258821.292006886
258789.797437034
258768.801054260
258758.302862009
258769.395258446
258780.339065609
258759.491333920
258717.498766451
258717.498766451
258675.506189779
258633.364964622
258612.220003774
258601.424527999
258601.127217166
258590.183048484
258579.536174906
258558.093713540
258547.446795831
258536.799865323
258536.799865323
NaN
260399.873495387
260389.670128327
260379.614312153
260337.768405752
260295.922542744
260264.427476991
260201.289695871
260158.705594184
260147.616552380
260157.524363013
260167.432236527
260187.986295396
260219.334155007
260250.534463265
260281.882411894
260313.377940447
260344.873463858
260376.516489486
260387.014987957
260407.717008043
260438.917602072
260480.764242722
260522.758339845
260554.401301065
260586.486350438
260597.869081083
260598.311212691
260577.756531567
260535.910305858
260504.562525086
260462.421449760
260430.926217159
260420.575296793
260399.873495387
NaN
263049.239795672
263049.093960949
263048.802293663
263069.653608048
263090.504946787
263121.854893196
263142.560514557
263163.557703128
263205.552073495
263226.840695294
263227.132138169
263206.280743619
263175.076575716
263143.726706107
263112.231074379
263091.233983735
263059.884172502
263059.884172502
NaN
266004.350615836
266014.704745263
266025.058887785
266045.911224725
266077.261772155
266108.612354121
266139.962970618
266171.457554424
266202.808219865
266213.162511992
266212.730797767
266180.948278773
266159.807866339
266117.958837591
266086.464109480
266044.615137041
266002.910241693
265971.847716484
265930.287115818
265899.224844173
265889.014892365
265889.303119574
265879.381457581
265890.456056842
265890.744298268
265901.818849284
265923.103177988
265933.745323144
265954.885486451
265986.667715042
266007.807803681
266028.803819472
266060.441864982
266081.437862250
266112.787860345
266144.281866469
266175.775867582
266196.771865537
266217.767861261
266238.476025034
266248.974033895
266259.184241213
266248.542314052
266216.904302901
266195.764292623
266164.270158887
266143.274066939
266121.990010535
266111.491949666
266090.351826776
266058.713599857
266027.075329783
266005.791061034
265984.506741098
265984.218623319
265983.786451980
265983.642396289
265993.996499511
266004.350615836
NaN
268027.707974739
268027.993415191
268007.424328689
268018.208415634
268029.135205175
268019.207549355
267977.641561352
267935.932934649
267883.297404279
267830.233235883
267819.020372429
267807.807461338
267838.589204890
267859.158088833
267890.225765348
267932.077830525
267984.714137611
268005.997004057
268006.139733351
268016.923865853
NaN
267015.399723828
266994.551260736
266963.350463194
266953.141827762
266964.068985916
267006.196752883
267048.180804310
267079.668837050
267101.091727468
267080.817945236
267049.761053722
266987.072806313
266924.240954176
266872.048861125
266819.713076528
266788.656823939
266757.600689454
266705.265177579
266663.281675401
266621.154226676
266589.522611683
266557.746979046
266525.539293238
266524.819352118
266524.387395953
266534.451459466
266544.659535169
266575.427876040
266596.132125030
266637.684682474
266658.245186907
266668.597409811
266689.301894980
266709.718731425
266730.135680726
266729.704181637
266749.977475377
266760.042273163
266780.459583578
266780.172002892
266800.589457740
266852.496007314
266904.690221747
266946.675563916
266967.811897884
267010.084483495
267062.996866933
267073.636761719
267105.269193296
267137.188720115
267169.395238206
267190.818301502
267201.888652080
267202.462815751
267192.540870316
267182.331867011
267161.626795770
267140.634601819
267129.994910989
267108.859095460
267098.506594786
267077.801632791
267056.953082752
267036.248211343
267025.752133925
267015.399723828
NaN
266202.808219865
266223.804615886
266265.797401240
266318.288370396
266360.137320171
266423.126490255
266454.477311228
266496.470099364
266538.750288835
266580.886687661
266602.026698694
266664.872046243
266717.362877284
266769.853694420
266832.699131722
266885.189950659
266937.537296231
266979.386523295
NaN
266132.200124411
266153.052310061
266194.900686384
266236.893012288
266289.095660605
266341.729946799
266394.220346165
266446.710731614
266499.057359721
266561.614716559
266592.821636548
266634.526749808
266665.877465562
266707.726342678
266770.715091850
266802.065910347
266843.914895918
266896.262061326
266917.114856859
266959.107417652
266990.601832418
267011.598106148
NaN
254694.437807781
254683.941144955
254662.796507763
254652.148521168
254672.839272799
254704.329339113
254714.826026717
254725.322713734
254725.625251751
254704.783186176
254694.286517450
NaN
212527.411078665
212560.710962815
212582.968841712
212616.268217620
212649.044237577
212681.471353809
212693.035791254
212725.985568559
212758.586471494
212801.879734378
212834.654446935
212845.869751661
212846.392571656
212889.859300156
212933.499901575
212966.970553124
212999.918228285
213022.173550183
213054.598186932
213087.719374179
213131.183853130
213153.264268513
213175.170409568
213186.036367019
213218.634102458
213240.888178470
213274.007862016
213317.470621496
213350.241531353
213383.186276322
213405.613459198
213449.249036518
213471.501766131
213514.614640550
213536.692995346
213558.945227541
213592.062325882
213614.140234958
213625.179142550
213668.290685348
213722.614548422
213797.449692236
213851.250729194
213926.606237195
213947.987234583
214012.825095604
214066.624414015
214120.423309227
214205.944821616
214270.085425207
214323.882857538
214355.952765952
214377.853480335
214420.960199453
214474.756410189
214506.652120742
214593.037179473
214625.452946124
214668.731518500
214701.146867614
214765.630174926
214808.734327396
214862.527422105
214927.009236147
214970.285672412
215002.526138946
215034.593159482
215077.349009874
215088.211212924
215109.762287711
NaN
213839.081835381
213828.217009050
213827.869379612
213838.038985500
213880.107906020
213922.698082850
213986.496192758
213997.360802617
213956.334616960
213925.130767000
213840.993808094
213798.403777754
213787.191240179
213776.152514369
213785.974336502
213817.352159890
213838.734215278
NaN
212919.669827217
212888.293160657
212867.607986928
212857.265419560
212846.922865186
212815.720804318
212784.169826846
212783.820839563
212804.331414921
212824.842072251
212834.661298898
212865.863632832
212886.897786862
212929.314873616
212971.906221235
212982.771991288
212993.812100963
212983.643835586
212941.575857095
212931.058860752
212920.193046501
212919.844232773
212909.152797464
NaN
215229.417771127
215261.310567572
215272.172400491
215304.065067390
215336.303965182
215357.854197723
215368.542716739
215389.919716834
215390.092846520
215422.331349078
215465.085001375
215497.150107809
215539.730353153
215561.279979227
215582.829533371
215614.894205811
215625.755414842
215657.992913252
215690.230265389
215732.809607771
215765.046655440
215796.937709796
215839.689524847
215871.926137537
215893.301882174
215936.053219649
215968.116589940
216011.213199888
216054.136728763
216086.372408238
216129.122746065
216161.358105200
216183.078568757
216204.626220896
216236.688509105
216290.643431842
216323.050689889
216365.972355216
216430.268087405
216451.469752464
216515.764832846
216580.404457271
216644.870931472
216666.072141626
216720.023589712
216783.971510295
216837.749623584
216902.213850460
216923.759250095
216977.363929722
217030.968238183
217053.202437206
217074.402740990
217095.775295595
NaN
217667.270609913
217666.926474728
217645.384161024
217623.841775244
217612.984509221
217591.614112892
217570.071552064
217548.356795920
217516.128765250
217494.585947045
217462.185502547
217451.500094432
217419.271608352
217387.215177331
217344.645316684
217301.903050971
217258.988313419
217237.789272463
217205.904510126
217141.617749888
217120.073819599
217087.843967433
217055.441596455
217034.242144036
217023.211435500
217001.667114104
216980.122720672
216958.750674155
216958.405837117
NaN
218247.031481469
218289.598294859
218332.336627955
218406.956585131
218439.353196052
218513.629118470
218567.222282227
218684.405664516
218748.510375769
218812.614630872
218876.547039480
218940.650415676
218994.240876397
219047.488362240
219090.565744647
219143.812681655
219186.718256499
219240.135875068
219293.724351466
219378.849071249
219432.265577005
219517.902383863
219582.343179766
219646.612395661
219732.246887798
219818.051385926
219893.172229753
219968.292299559
220000.510780441
220053.923275228
220107.676974247
220139.724095293
220161.430248075
NaN
220759.165787447
220748.314011233
220737.121236459
220704.906676287
220672.862488435
220619.455254949
220586.899073641
220554.342685278
220522.127271834
220500.422778818
220457.525381275
220414.457093116
220361.218674108
220328.831708032
220296.444564207
220264.227960390
220231.840476143
220199.282066324
220166.723449545
220123.482419546
220069.900389095
220037.341015519
219994.269880334
219961.539195334
219918.638380897
219896.760661889
219874.711938040
219842.322246293
219820.785992970
219809.761452848
NaN
222090.849215524
222058.640905853
222015.413166186
221940.146089276
221875.388025008
221811.648994752
221736.889721574
221672.299754530
221608.049261225
221533.118041246
221447.335666461
221372.232732660
221307.809539988
221264.576694713
221210.492610095
221167.259018319
221135.046474786
221103.004094482
NaN
222260.191568824
222292.059758951
222334.776801128
222399.191288446
222452.926120932
222495.981522634
222528.527271210
222582.939293201
222636.672513926
222690.235792370
222732.781058948
222754.477337925
222818.379461089
222892.620865521
222934.995959608
222967.031255750
222999.405137514
223042.457149118
223063.983046355
223085.847491657
NaN
223644.647791757
223601.768830677
223558.551462884
223504.487012780
223471.608384334
223417.712165881
223363.984636749
223309.749102212
223223.647973450
223159.071366817
223105.172385338
223072.629601526
223039.747975174
NaN
224135.290709673
224167.827583073
224221.380295020
224274.932633899
224328.990646641
224393.555988173
224468.797087807
224511.839789683
224544.205915640
224576.234735658
NaN
223155.686249185
223155.178510548
223176.365889261
223197.384019951
223208.231513160
223198.060906789
223198.230130600
223188.059560821
223146.023474487
223124.836156762
223114.157849577
223113.650026081
223113.311481288
223134.329619929
223155.686249185
NaN
224486.498363138
224475.315918119
224431.934122239
224420.751507894
224399.060406189
224366.523580501
224344.326492593
224322.466446123
224300.269088236
224267.731539200
224246.039724442
224224.010553119
224202.149894266
224180.120476620
224179.614536871
224168.431119769
224167.925178288
NaN
222775.326167914
222785.665860803
222753.460455260
222774.139903814
222826.855330542
222837.364521141
222869.569720622
222880.417690803
222870.077953201
222849.398517173
222818.040565702
222796.852850685
222775.495637581
NaN
225245.708574653
225288.409325106
225320.771182391
225374.482962381
225417.687513907
225471.734773901
225536.792524392
225590.502410904
225644.379932811
225698.256975484
225730.448553674
225762.975996810
225806.177609645
225838.872554398
225903.925844278
225947.126316216
226022.516483767
226043.864501112
226108.243936854
226172.287157553
226236.329919908
226290.369544527
226365.923497708
226398.279500656
226430.970701604
226463.158642980
226474.335041147
226496.184732862
226507.025708760
NaN
225145.928677007
225178.123241286
225242.848402755
225296.561208490
225339.430231294
225382.803516135
225436.515163987
225490.226384754
225522.923602370
225555.452493125
225577.306385955
225588.653486779
225621.013839167
225632.528847861
225643.707687469
225654.718432007
NaN
226666.286043349
226644.436994156
226612.082189498
226568.718689603
226536.028196472
226493.166964328
226460.811299947
226428.623133966
226385.593550723
226374.919961458
NaN
226895.610620304
226874.265188846
226852.417216134
226819.896312831
226787.375201052
226755.021419917
226722.499905593
226679.472710127
226668.296918499
226646.615561540
226635.607256439
NaN
217143.683533106
217133.819887064
217103.048887128
217093.354068520
217052.214131622
217031.644284034
216990.336112920
216969.429028767
216917.583333937
216886.307282758
216813.217556723
216771.572764250
216719.559206035
216646.301384749
216594.119353757
216563.858029036
216576.085774571
216609.050686776
216642.015345460
216642.353311542
216665.118157300
216677.345417184
216678.528313718
216689.910607130
216691.093531825
216670.525954803
216630.067200767
216610.514280515
216601.498762317
216592.314337336
216571.916632441
216573.945953129
216575.806272645
216587.865261903
216598.571213663
216621.843339742
216644.946163245
216667.710577586
216690.136606781
216713.069794934
216724.451771813
216725.466399872
216748.568411043
216750.597732579
216741.076222603
216743.782360846
216734.599446063
216735.614383822
216737.475183482
216739.674444551
216719.956252696
216711.450949809
216723.848057738
216736.414352634
216748.472942642
216760.869941127
216783.633089220
216816.762205498
216850.060245843
216882.512040468
216915.978711964
216938.909950141
216961.671840857
216962.856055639
216964.040312541
216975.421166179
216976.267079672
216966.578147729
216978.974147248
216979.820150990
216991.031709402
217002.750825658
217003.766039457
217036.892715023
217037.061909119
217048.780838909
217060.330528200
217071.203411207
217072.049364282
217094.133385630
217116.217283573
217127.259186264
217127.597536117
217138.639400475
217149.850402716
217139.992804329
217151.542137312
217173.794800165
217227.988072677
217249.563754679
217325.162635043
217357.779277832
217379.185436610
217411.970833466
217433.545878197
217444.756000833
217455.966085961
217467.683275542
217468.866636810
217480.583777082
217491.962763984
217492.977093043
217482.950621355
217484.472252904
217485.148555901
217475.798597110
217476.644056795
217466.786974124
217468.478055379
217469.154511907
217459.635882327
217460.312398463
217439.922347203
217430.065675079
217419.870735624
217389.624464682
217369.065664176
217359.040115143
217338.650688991
217339.327618463
217329.979200966
217342.204721949
217332.687253524
217323.339163263
217324.185536423
217314.499061240
217273.044832829
217263.866591994
217254.349823318
217244.833160766
217235.147241023
217214.420608078
217204.734855502
217185.024785951
217164.467847165
217154.782419239
217155.290722865
217145.097075361
217115.024709090
217137.106403457
217148.316664037
217159.357430189
217170.398165424
217181.269421227
217192.648988773
217192.648988773
217194.004584692
217194.851860055
217195.360235580
217185.844832652
217187.031152639
217167.322831906
217136.913208639
217136.743687252
217126.720224601
217106.503887118
217075.755725445
217055.709296371
217014.768871566
217004.745860144
216994.553257112
216953.783125722
216933.567913395
216913.522549178
216903.330222966
216893.307644534
216872.923148592
216852.369013055
216852.708517728
216832.324262515
216832.663802831
216811.940119617
216801.748090287
216791.895693761
216781.873548401
216792.914528577
216834.701116962
216918.614031324
216929.145587660
216971.441503910
216993.183345309
217014.925096424
217015.943190220
217016.961314955
216954.621448148
216912.495882664
216870.030741991
216806.842280844
216774.908366255
216742.464815429
216711.040300979
216701.867891063
216671.463012831
216662.630847831
216663.310551720
216675.031298157
216697.623026422
216709.173711128
216721.064192081
216700.681770107
216702.381192608
216703.570839551
216694.569553126
216675.717566093
216655.505963779
216656.866051165
216679.117548349
216701.368907553
216734.150724079
216756.061800438
216778.652661074
216799.883629275
NaN
216685.052769699
216696.433590273
216718.515461280
216771.850857481
216835.207582341
216919.117084918
216971.263530512
217012.709250885
217011.690897363
216979.078791888
216915.381886980
216851.514929957
216798.858348791
216735.840305729
216683.693449477
216684.203188107
216685.052769699
216696.263674265
NaN
218173.249472247
218163.060131714
218153.040295226
218132.492278912
218112.113851048
218123.150559933
218123.320064305
218134.017738022
218155.413047895
218166.110684053
218208.053809852
218250.335838805
218292.617806956
218313.504676323
218301.960151964
218301.451970279
218311.133244669
218300.096856761
218268.173307394
218246.777954420
218215.023693899
218183.608292650
NaN
216829.121810116
216839.475697405
216881.062164359
216922.990304833
216954.393751266
216995.980538505
217006.163874602
217015.664451210
217015.152369450
217013.786855907
217002.067160583
216980.163842926
216948.247565449
216895.793479103
216864.218591707
216811.252176438
216801.410403967
216770.860487957
216740.310825916
216740.823386108
216742.019389999
216743.215436043
216754.081932506
216796.351807871
216807.389056600
216818.426274194
NaN
212685.735182054
212654.336429164
212622.937709151
212580.841420806
212548.748541819
212527.179665285
212473.864717858
212472.996783787
212472.302452249
212493.177285795
212546.492458956
212589.109708326
212631.553308575
212651.734199216
212661.737966123
212682.439437017
212704.181600237
212715.572966041
212737.488397289
212737.835263706
212706.436429378
NaN
212956.745756724
212925.350244011
212883.778803275
212852.383400695
212809.944378608
212756.461476584
212734.894630175
212766.290185441
212797.859331209
212850.995142693
212893.260740727
212913.786300799
212944.314596329
212975.883802501
212976.404142230
212966.748375527
212956.572289549
NaN
212216.311072317
212195.266236392
212174.395436930
212132.305776757
212089.867925832
212047.255852945
212025.862696338
212014.469592680
212024.643857705
212067.256180470
212120.564880428
212162.654722013
212193.700037497
212203.526473073
212213.352972979
212244.572590230
212266.487496425
212288.228333798
212309.795130132
212299.620588067
212278.923642418
212247.530334486
212237.181905391
NaN
211799.997735680
211821.563945963
211863.824265524
211905.561476401
211936.602956584
211968.167470044
211968.864704572
211916.954682599
211875.217598171
211811.914499727
211748.262406402
211747.739071694
211768.084351726
211799.997735680
211821.389546630
NaN
211765.187807983
211786.229526990
211818.315601820
211850.401563305
211882.836350677
211925.442813094
211988.741772494
212072.907748909
212135.683562559
212208.631726139
212239.671293187
212249.146644107
212217.061390555
212184.976023660
212152.716256957
212110.109726804
212088.544923384
212077.501009545
212045.240762918
212013.329080917
211960.724055961
211918.291198397
211907.072510471
211885.332709664
211884.983863711
211884.460601346
211873.590643648
211842.550611752
211800.815135803
211800.815135803
211758.556256906
211727.341980838
211727.691020149
211760.301279364
211792.562350244
211782.739334881
211741.004437629
211699.618747654
211657.709510164
211637.366001076
211659.106207243
211701.538929888
211743.622458412
211754.317874147
NaN
212609.294403874
212598.078285271
212586.687795504
212574.948594915
212553.039089831
212519.913097750
212497.828946956
212465.051231934
212453.311521477
212420.533435988
212387.580718934
212344.108473248
212311.678481842
212257.511799918
212213.864023314
212148.827862003
212136.563309261
212113.604579891
212112.208576792
212099.943898279
212087.504686899
212085.759817481
212094.534987714
212103.833733373
212123.652650296
212143.122953801
212162.942346627
212172.067392498
212170.497980242
212180.146393485
212189.271834687
212188.400090315
212198.048759781
212186.656667131
212164.395383498
212164.046696030
212152.828822499
212141.436562941
212130.392961977
212119.523685594
NaN
212141.436562941
212130.392961977
212119.523685594
