2146041.32262174
2146185.95858109
2146264.71984936
2146376.00021579
2146487.69966908
2146598.56141801
2146720.07640164
2146853.36195306
2146964.22378008
2147075.22534783
2147185.52838280
2147296.25054649
2147406.97272039
2147572.63685502
2147694.57097066
2147827.01845960
2147925.83026363
2148069.07073533
2148178.81541448
2148288.69990194
2148387.37278896
2148507.91129765
2148539.59374200
2148649.61856168
2148781.92725575
2148892.64917410
2149014.30389284
2149124.74702634
2149256.91641587
2149377.59569857
2149465.19801612
2149552.38284221
2149639.84655770
2149738.24362095
2149859.06361776
2149979.74476875
2150077.86487064
2150120.62484369
2150163.38550546
2150205.73046696
2150226.34843933
2150191.32921378
2150134.58254027
2150099.56524988
2150075.75955740
2150062.88852537
2150072.02445471
2150081.43791744
2150090.85224660
2150089.33341780
2150032.45504521
2149964.36753408
2149973.92310716
2149839.95623829
2149706.95404937
2149540.04715816
2149429.05146913
2149295.91178926
2149195.43766296
2149051.36378776
2148895.80514853
2148729.72494470
2148575.26710081
2148465.23498281
2148344.13095057
2148233.96137365
2148112.44449195
2148002.27499728
2147869.82382064
2147748.30698766
2147615.58044070
2147516.75854251
2147440.63196551
2147397.72202184
2147344.01642677
2147268.30553790
2147214.32550636
2147127.95860724
2147051.55949082
2146975.29893959
2146876.61809635
2146833.71285112
2146780.42812947
2146837.58863927
2146828.59481901
2146796.90342648
2146809.50120651
2146809.22375728
NaN
2146358.79138386
2146268.54246182
2146178.71210407
2146110.88751107
2146053.85763025
2145920.29670353
2145951.98428759
2145916.82316769
2146014.52873538
2146024.21330482
2146078.32557814
2146165.23876927
2146263.36336702
2146328.13384180
2146427.09035042
2146492.13867879
2146534.62842648
2146577.81040267
NaN
2147583.55250840
2147748.79545459
2147868.76876625
2147955.80622932
2148032.19198552
2148152.72710839
2148273.68228187
2148450.69821888
2148593.51827870
2148669.34601276
2148745.17453024
2148843.14826552
2148929.91096588
2149016.95360062
2149092.92467672
2149191.45899184
2149290.27236459
2149289.99361952
NaN
2150432.83682863
2150519.19748490
2150573.03520870
2150615.80151446
2150647.63469732
2150657.04786444
2150622.17359929
2150542.73589597
2150419.28720066
2150285.31908146
2150129.62096596
2150018.34911022
2149973.78528243
NaN
2146851.15709346
2146760.92357190
2146627.36882205
2146537.55062110
2146558.31546219
2146646.06446562
2146756.50907013
2146867.50513114
2146989.98699224
2147013.78645291
2146970.87840477
2146883.68269405
2146851.15709346
NaN
2148162.44013378
2148149.85677350
2148103.78364280
2148069.05799413
2147978.83615066
2147878.22870335
2147843.23124001
2147852.65956820
2147840.08174478
2147826.68400489
2147880.53963298
2147923.32402022
2148010.53331390
2148132.59753017
2148245.09298623
2148356.49572414
2148512.32316786
2148623.58960970
2148669.92993220
2148682.37103297
2148706.84392301
2148675.82161235
2148599.68955630
2148545.70199572
2148536.27759538
2148571.69173343
2148562.40689468
2148474.93111641
2148341.65438157
2148230.24676384
2148162.57756778
2148174.19936416
NaN
2148000.74857189
2148036.19117493
2148015.99597014
2148017.38893929
2147952.21001218
2147853.67551904
2147721.64583948
2147578.68359567
2147446.37521841
2147335.09531057
2147223.39725830
2147122.63241038
2147043.31589408
2147018.94376388
2147105.01660777
2147213.65251486
2147355.64495642
2147487.39941622
2147653.75924353
2147787.18058097
2147899.15267899
2147988.98108170
2148011.82072951
NaN
2148162.44013378
2148052.26992537
2147931.02777841
2147821.27017416
2147734.61975104
2147658.90475228
2147582.36438012
NaN
2149184.22801342
2149049.71279689
2148948.55212588
2148847.80455048
2148724.77611587
2148612.68299830
2148578.23169606
NaN
2150591.61487730
2150512.18267126
2150399.81089130
2150265.98373493
2150165.09805541
2149998.05580196
2149830.87662528
2149719.19527647
2149574.16109620
2149473.41536721
2149393.85413467
2149347.92137286
2149313.06150537
2149324.81834826
NaN
2149373.63035231
2149184.72087710
2149049.93771214
2148948.64578143
2148869.08806940
2148746.06497076
2148634.79833956
2148690.29482653
NaN
2148008.62187138
2147822.03770221
2147678.78568666
2147557.40440407
2147425.22444565
2147260.23876159
2147139.26765666
2147007.36149719
2146843.33397146
2146756.12678420
2146635.43049420
2146525.66950750
2146438.05263598
2146251.88470977
2146153.05954745
2145922.19383573
2145823.36915688
2145713.74710444
2145625.99478140
2145516.23597044
2145472.49727739
NaN
2148211.19390923
2148209.00835286
2148230.05997340
NaN
2146612.49901916
2146601.42703678
NaN
2146086.49074485
2145930.52409258
2145906.59941620
2146028.39075813
2146107.53823606
2146097.56269806
NaN
2145094.65402212
2144994.18651238
2145104.63224674
2145105.72593821
NaN
2144077.88414314
2144124.20872951
2144137.18329501
2144038.62454703
2143884.16279783
2143750.62076595
2143671.75851279
2143669.72055803
2143711.69978050
2143743.55833725
2143830.91207663
2143964.04494206
2144076.11961419
2144077.47685264
2143979.32411499
2143869.14918717
2143746.13692758
2143733.70768907
2143732.62219116
NaN
2143440.28221322
2143328.88725038
2143239.09461250
2143116.35784631
2143037.23234269
2143046.95216563
2143178.73206909
2143265.82006695
2143398.81609838
2143400.57255459
2143512.64199713
2143536.54389431
2143593.93296356
2143495.77658806
2143451.35399754
NaN
2142765.86268139
2142665.54534435
2142653.12979001
2142717.94796463
2142906.70360192
2142952.73702217
2142876.57954599
2142765.72823038
2142799.21219855
NaN
2142968.93183877
2142846.87692071
2142757.10186121
2142700.14171151
2142653.45380285
2142729.22160437
2142894.89536838
2143084.71205542
2143152.34209467
2143209.43506231
2143233.18074382
2143112.59548872
2143002.14666341
2143024.28988036
NaN
2142654.07180731
2142553.23731748
2142474.41411910
2142394.93075509
2142348.92739721
2142302.92513106
2142268.25923675
2142244.53370191
2142254.28692954
2142296.85986319
2142405.73063355
2142482.17764488
2142580.89935386
2142724.56458304
2142902.10185039
2143070.01581922
2143126.95342711
2143173.08419855
2143218.68860152
2143275.23315698
2143243.99876040
2143146.07263800
2143170.46245569
2143194.45712336
2143163.62517649
2143031.82672850
2142865.88673611
2142721.16271696
2142676.61194649
NaN
2142866.27190786
2142999.91025887
2143057.09395408
2142969.95981027
2142848.30586529
2142747.35816210
2142745.66153745
2142833.31884357
2142866.27190786
NaN
2143790.26680804
2143968.83997279
2144113.93952461
2144237.41870414
2144250.70791763
2144231.17680776
2144122.42365870
2143979.28066150
2143813.34129900
2143702.10497085
2143568.72612888
2143413.46611942
2143334.52986220
2143222.24996311
2143197.88941229
2143229.79947964
2143316.41518761
2143414.88462204
2143591.37420153
2143724.09946369
2143767.86386959
NaN
2143732.86045152
2143611.33857165
2143543.06024951
2143663.26193205
2143763.82921281
2143743.13914507
2143721.65683696
NaN
2140354.05853729
2140329.28668947
2140271.85353671
2140325.69440670
2140357.25388644
2140378.01808230
2140453.86713645
2140551.30975696
2140616.08864163
2140692.07796749
2140812.35587683
2140921.83750423
2140986.89413136
2141050.98938867
2141127.25679945
2141181.10615198
2141245.75370565
2141310.81361278
2141342.24701931
2141362.88347904
2141293.85001891
2141303.41657076
2141290.97679574
2141256.39384914
2141231.92716923
2141230.28854458
2141250.38523819
2141248.47588183
2141257.91209626
2141310.68333521
2141375.20878539
2141451.21516533
2141560.30172578
2141746.21244211
2141822.62852719
2141898.50195040
2141941.16075913
2142004.74386671
2142025.12591830
2142045.37358881
2142032.27184155
2142074.80066086
2142128.13194595
2142081.14381205
2142034.42796862
2142021.19888663
2141985.69329019
2141904.82635189
2141825.44184723
2141779.81110823
2141710.96343134
2141709.21858917
NaN
2137977.97435612
2138054.05907709
2138140.50608061
2138194.30523270
2138281.89031996
2138391.33651749
2138533.57458835
2138587.65969749
2138607.67737592
2138694.69743718
2138737.57025479
2138713.86781497
2138712.16936740
2138755.04410152
2138808.99175063
2138884.94332121
2138982.75771359
2139080.57299917
2139134.38208224
2139188.19183706
2139230.78896981
2139340.24352137
2139296.37708655
NaN
2138940.37254335
2139014.78131608
2139068.03258163
2139176.08433929
2139284.69977495
2139404.10796518
2139490.58147195
2139565.84381067
2139619.10319855
2139651.05944638
NaN
2139818.04480976
2139893.43627660
2139968.96984599
2140044.22295036
2140164.75150365
2140340.36054393
2140448.97409744
2140535.02287016
2140576.78441785
2140673.76883165
2140760.24362552
2140847.98061583
2140990.65864595
2141131.51702790
2141217.71623320
2141325.08323257
2141476.18389975
2141541.36115214
2141617.33210164
2141770.94823753
2141957.08467288
2142043.57285427
2142119.12926989
2142150.67636901
2142204.78559695
2142258.33943501
2142311.75536097
2142321.16154583
2142330.15246695
2142329.18171641
NaN
2133693.58697488
2133473.73503784
2133352.51766410
2133187.00914781
2133011.01146550
2132835.15998522
2132659.16284272
2132494.09273563
2132362.24126235
2132208.82877949
2132110.19632372
2131933.61575752
2131779.03470548
2131646.89171883
2131470.74995285
2131316.46151440
2131129.68609815
2131019.39664090
2130864.96217811
2130666.52909498
2130501.31465821
2130369.02607715
2130203.37259179
2130070.79125164
2129893.91853231
2129717.19224113
2129518.61314471
2129330.37473798
2129208.42701089
2129064.91929009
2128854.68166118
2128666.88258040
2128501.22920697
2128357.72154356
2128225.14029348
2128103.19255586
2127948.31918203
2127760.08086165
2127517.06405989
2127307.55872162
2127174.68460187
2127063.66330359
2126941.71564293
2126819.91442319
2126687.77247474
2126511.63216963
2126413.00196346
2126315.25132836
2126172.91684997
2126041.21574993
2125842.93101624
2125578.20923690
2125335.33982570
2125136.61518983
2124993.10817191
2124805.45647097
2124662.24310246
2124551.66117312
2124397.08137349
2124220.06221093
2124098.11381324
2123954.46008564
2123701.10539556
2123546.81939267
2123370.09396099
2123127.66572921
2122962.45401493
2122797.38938450
2122610.17915980
2122477.59849238
2122245.80285866
2122091.07643840
2121958.34878453
2121748.25793194
2121560.75394650
2121494.16957903
NaN
2131447.92919501
2131293.34891276
2131116.47621759
2130928.97070590
2130708.39333799
2130520.74125018
2130410.30589752
2130355.08822436
NaN
2129789.78459037
2129635.49779505
2129426.28688101
2129194.93042970
2128985.42635696
2128820.21393877
2128665.92768536
2128600.66528714
2128524.47725881
2128426.87886304
2128384.05771575
2128362.79446110
NaN
2139803.33305764
2139650.04653895
2139540.47413875
2139419.97371057
2139310.69070964
2139190.33553391
2139091.98169382
2139049.28073954
2138896.28748210
2138852.57530027
NaN
2139043.70552208
2138934.71628761
2138683.81183697
2138629.17326092
NaN
2138214.79560092
2138138.44864849
2138051.31998333
2137931.55526884
2137997.11929220
NaN
2136194.48004835
2136118.13075098
2135998.21610292
2135855.86661579
2135746.30040330
2135614.44382318
NaN
2134726.56300068
2134616.70851783
2134649.78127906
NaN
2145209.13279105
2145086.57745073
2145073.83323201
2145184.41610845
2145317.01264448
2145318.68562480
2145231.01757162
2145252.90237253
NaN
2144737.76060845
2144683.94071696
2144771.74154567
2144861.20619471
2144795.80390639
2144652.26383417
2144606.57107974
2144682.66104673
2144737.76060845
NaN
2145729.15301370
2145827.13897608
2145892.54818148
2145957.57662579
2146033.67674321
2146109.52373471
2146163.35649383
2146228.51455744
2146282.72889057
2146347.38145410
2146434.43015860
2146499.46420489
2146553.04871075
2146595.68971768
2146585.25049691
NaN
2146910.07397556
2146799.10808359
2146688.39743284
2146576.41117178
2146552.86659047
2146662.81240916
2146783.95684365
2146906.12064459
2146918.97635166
2146964.53609577
2146910.07397556
NaN
2146849.54315780
2146939.11676099
2146940.37530171
2146909.30346016
2146855.71323352
2146711.91724848
2146611.39661606
2146543.71121560
2146575.66468777
2146663.35081673
2146728.39215273
2146849.41739052
2146816.33045571
NaN
2149266.39100568
2149212.64146238
2149113.86917640
2149016.08529844
2148940.19685021
2148875.75118942
2148799.86485477
2148735.05020229
2148693.12177799
2148617.36280216
2148552.17915615
2148464.48201808
2148388.22851810
2148301.02905970
2148236.09616171
2148193.05681579
2148160.96436613
NaN
2150000.59034936
2149946.33479889
2149881.74125684
2149816.66052376
2149751.94700329
2149686.74555944
2149621.91160870
2149589.43381122
NaN
2152332.58338958
2152323.21883929
2152280.64367932
2152237.94759462
2152205.95670515
2152185.28138918
2152164.36240622
2152143.56633277
2152123.26057680
2152102.46620289
2152071.09212703
2152050.29944695
2152018.43682586
2151997.64557461
2152008.47071602
NaN
2151040.00979622
2150974.67881569
2150887.81445238
2150845.11183736
2150802.89674025
2150726.98469510
2150629.29786644
2150564.33661272
2150499.25421431
2150445.48712078
2150424.32233866
NaN
2148907.40256671
2148961.05570692
2149059.59847565
2149203.03007394
2149324.80580316
2149447.43076117
2149393.17039628
2149317.13376482
2149240.73336879
2149142.07076026
2148997.78908835
2148908.25275680
2148907.40256671
NaN
2150510.08039295
2150467.49817159
2150381.12112989
2150316.03544499
2150273.09155805
2150218.95603625
2150165.18655650
2150186.59678998
NaN
2150771.40675955
2150882.70807437
2150884.14281229
2150751.89622356
2150619.41045945
2150509.66381996
2150433.12868126
2150356.59388095
2150256.36156316
2150299.20675078
2150386.21471059
2150407.15989968
2150485.60898394
2150595.11726973
2150704.98450441
2150771.40675955
NaN
2152398.62720097
2152288.74623088
2152133.52880701
2152033.31064993
2151954.64705109
2151942.05388946
2151984.92970095
2152061.48479693
2152160.53145680
2152305.14568816
2152361.78411412
2152462.11840735
2152529.59392497
2152486.60249646
2152387.79155857
2152398.62720097
NaN
2153103.25337107
2153246.81679567
2153311.84660445
2153343.78276538
2153364.76528660
2153440.63611831
2153461.38886956
2153504.51363065
2153614.29025845
2153579.81022469
2153447.89299053
2153426.90767873
2153306.06124462
2153196.05401055
2153142.32244765
2153110.50068122
2153045.35370015
2153046.74380438
2153081.11318134
2153103.36931655
NaN
2153443.39507096
2153444.77805496
2153368.67157663
2153236.17707578
2153245.63256975
2153344.45609299
2153432.32503353
2153443.51028597
NaN
2155360.47413595
2155284.13797856
2155174.24562882
2155142.19068455
2154998.39525907
2154997.12450036
2155062.62117349
2154951.57422666
2154972.21439220
2155092.48603235
2155169.05442612
2155269.26108174
2155358.97442467
2155360.24334378
2155349.51947600
NaN
2156691.02503043
2156736.56375761
2156648.80516690
2156570.39934943
2156624.60508176
2156680.06943827
NaN
2157244.52463088
2157333.76733165
2157335.36209078
2157214.16235508
2157103.57672273
2157035.90357442
2157101.18447900
2157189.06106203
2157255.59458053
NaN
2156908.43850710
2156996.09815596
2157128.37441296
2157239.18505229
2157339.93728631
2157473.00017446
2157549.14037143
2157603.47859072
2157703.78101037
2157649.55553933
2157650.90478803
2157518.62907953
2157475.70010342
2157608.65090340
2157707.71672564
2157739.68851633
2157815.94038402
2157937.25897347
2157938.49582229
2157950.69072520
2157930.01449962
2157909.11390988
2157877.25692359
2157978.01362651
2157868.55622079
2157757.74457028
2157701.15400775
2157535.67000367
2157414.12707356
2157292.58415981
2157159.18163046
2157025.77932844
2156925.13596231
2156868.77259234
2156823.14186824
2156822.01644894
2156876.12838078
2156908.32611139
NaN
2159206.09318256
2159141.02832831
2159086.80824047
2158977.57833086
2158835.13963278
2158703.20586911
2158581.88957299
2158449.05070677
2158337.44653360
2158259.05252681
2158224.71251998
2158301.29790936
2158400.02340958
2158533.31374235
2158633.73350383
2158755.38932706
2158820.45323205
2158852.53401134
2158708.06136677
2158840.44866297
2158950.80905696
2159104.54698012
2159204.96512538
2159117.08283950
2159206.09318256
NaN
2155628.63096996
2155682.93665389
2155759.38302737
2155847.01593141
2155923.81094179
NaN
2145592.58463747
2145482.70793242
2145384.32731902
2145297.44325589
2145221.06702427
2145089.04655153
2144990.24334867
2144858.08177374
2144837.35129703
2144839.04923451
2144751.60252508
2144653.22535751
2144554.84859279
2144500.90359270
2144435.74494289
2144359.65614260
2144250.20870523
2144173.97894721
2144163.19040817
NaN
2145349.83968931
2145229.31430564
2145120.14416564
2144999.47835373
2144878.38884856
2144790.65790252
2144669.71000030
2144548.90366365
2144461.45614481
2144363.07806665
2144253.91113238
2144144.46155745
2144034.72904917
2143914.49118266
2143827.04583932
2143772.53445330
NaN
2146767.03641321
2146713.08251771
2146647.91599149
2146637.54799181
NaN
2146541.93317721
2146431.49132556
2146332.82477816
2146267.51603813
2146213.70208854
2146235.56527953
NaN
2146754.25421156
2146667.49898549
2146602.32792905
2146503.80011041
2146371.91536375
2146262.31582746
2146197.14623259
2146208.07804046
NaN
2147067.22833355
2147057.83472578
2146993.22075766
2146917.11528840
2146884.73896524
NaN
2147155.66632515
2147079.27966132
2147047.04234340
NaN
2143043.79252140
2143109.15041868
2143021.38120936
2143054.86416684
NaN
2141849.64900430
2141937.09709872
2141979.97354193
2141890.54724427
2141847.67040399
2141849.08356798
2141838.43527353
NaN
2141348.63481647
2141391.49404237
2141334.84408708
2141278.19468422
2141166.89776405
2141067.95973770
2140969.02181584
2140881.29951723
2140827.22408918
2140884.01756908
2140940.66854914
2140997.32008163
2141053.97216659
2141165.12763203
2141264.06414875
2141318.13756645
2141360.99569894
2141337.56227727
NaN
2136982.92039347
2136948.27584574
2136891.62961738
2136870.91117069
2136938.48771522
2136982.77765514
NaN
2137300.52480323
2137276.94926236
2137166.79621566
2137234.37584224
2137289.45228155
NaN
2137265.26076981
2137254.33167392
NaN
2136915.67578804
2136892.09451671
2136793.15932797
2136783.52311054
2136893.96158491
2136915.81943427
NaN
2136691.78340167
2136745.85470446
2136711.20259128
2136610.83265086
2136499.82042892
2136468.03665512
2136480.54369189
2136548.12710789
2136658.56570540
2136691.78340167
NaN
2136004.99065394
2135948.33240259
2135960.84417366
2135993.91804761
NaN
2136543.51957890
2136489.59492847
2136510.30179829
2136543.66338634
NaN
2137915.00926613
2137903.93676317
NaN
2141584.19504168
2141572.98131470
NaN
2141932.80092325
2141921.58797130
NaN
2141879.26856325
2141868.19626360
NaN
2141867.49264476
2141867.49264476
NaN
2141710.37069001
2141699.15779931
NaN
2129161.82066324
2129248.54683999
2129324.05903528
2129421.71714732
2129453.51100593
2129551.17092755
2129660.04644603
2129747.77279083
2129834.07864552
2130031.67755646
2130174.34096800
2130283.64574097
2130426.16811468
2130360.30121254
NaN
2131751.45193934
2131849.11308895
2131946.77528004
2131999.86499629
2132119.81611959
2132150.90547023
2132237.49968372
2132368.80936657
2132444.19148691
2132575.36108759
2132717.74519275
2132882.27454240
2133002.37379112
2133156.39715378
2133221.13590499
2133330.30586157
2133428.96860349
2133515.43069888
2133624.32054112
2133755.21493521
2133930.25862777
2134017.99205384
2134171.17414768
2134247.55449329
2134334.30437621
2134442.77812934
2134573.81900142
2134671.64401682
2134747.18518698
2134801.28404742
2134865.19423829
2134918.59417212
2135016.14404388
2135115.09409695
2135301.92232920
2135432.55123589
2135574.95221597
2135683.85794265
2135848.26494519
2135990.52831338
2135914.00002325
NaN
2135069.40637734
2135133.88194785
2135164.86271123
2135217.98929417
2135282.46850079
2135346.66995242
2135377.93510236
2135409.75844779
2135463.03059966
2135516.58224177
2135547.57354833
2135578.42743689
2135620.49392228
2135652.32226697
2135705.32456036
2135748.22651512
2135791.12903120
2135821.99081519
2135842.61240558
2135863.23470569
2135904.75780532
2135969.94643840
2136112.08727466
2136209.66495404
2136285.09985682
2136383.09343856
2136448.28513165
2136512.65100864
2136577.84387138
2136631.82761585
2136718.20275266
2136783.25988038
2136848.04281290
2136924.44769630
2137000.85290690
2137088.46760882
2137219.41002109
2137306.75122343
2137350.35343940
NaN
2136823.01569898
2136853.89939002
2136895.85669123
2136915.53494196
2136914.16603063
2136878.89814520
2136844.17843051
2136842.53848134
2136874.11500388
2136905.96533963
2136971.30470044
2136890.92755833
NaN
2131590.65022673
2131722.39947609
2131831.16786048
2131917.51427064
2132004.00136471
2132068.34546698
2132121.75783891
2132152.74908570
2132127.96469084
2132159.23688846
2132157.15530727
2132154.79783390
2132141.64712507
2132183.85797044
2132281.56859986
2132401.42431324
2132521.69568985
2132619.54733640
2132807.63330602
2132939.80666894
2133070.73738811
2133212.74110104
2133267.13534605
NaN
2132094.58958635
2132058.88317438
2132134.31348171
2132199.08742500
2132263.17187927
2132294.59382161
2132281.45307194
2132312.60158163
2132387.76386616
2132452.81905464
2132461.96482374
2132548.06553041
2132624.46974123
2132721.91952712
2132742.69064983
2132828.93367152
2132893.30859563
2132979.69159711
2132999.37099658
2133041.05931457
2133171.59788177
2133236.66284717
2133323.18946044
2133365.97565697
2133408.89891463
2133429.67907607
2133539.30695190
2133627.06396910
2133682.15059544
NaN
2133696.62584536
2133816.36395514
2133925.30481250
2134012.92282937
2134132.93688563
2134219.46318397
2134273.86688561
NaN
2134823.11418092
2134776.49316847
2134762.95263319
2134739.43822441
2134670.54134065
2134634.72540097
2134611.07724063
2134586.74660799
2134551.20918651
2134483.68607848
2134460.17795481
2134491.21163181
2134470.29505466
NaN
2134533.99981820
2134609.73178316
2134662.64061560
2134759.97447978
2134779.94326802
2134911.17459014
2134976.51897620
2134823.27942400
NaN
2132184.18961947
2132226.70913835
2132280.02969800
2132378.04592280
2132531.55744594
2132718.96321683
2132905.96214030
2133003.43829976
2133068.92003888
NaN
2133207.43660369
2133183.94063753
2133127.36532155
2133025.69320945
2132956.83282759
2132910.11790952
2132907.55700190
2132908.90457468
NaN
2136025.29089638
2136079.42461584
2136143.81423428
2136207.93322238
2136294.19743739
2136391.39929758
2136489.14553212
2136531.12727314
2136440.52052894
2136449.56103115
2136469.40407333
2136501.26688367
2136643.30696462
2136707.57592129
2136738.63120187
2136770.49717968
2136856.77856834
2136977.08485410
2137141.40915432
2137218.50697836
NaN
2137003.70166294
2137023.93612545
2137021.75559462
2137030.51231182
2137061.41439664
2137037.23101946
2137045.99275583
2137055.70650268
2137031.39132957
2136995.87040826
2137004.77381588
2137091.18102180
2137145.32156939
2137231.73097845
2137284.52121179
2137282.22497851
2137257.92200814
2137278.04225663
2137342.18112585
2137406.86021540
2137459.93029593
2137469.65670556
2137500.72052422
2137487.49924842
2137496.42282850
2137538.69695313
2137580.70433490
2137634.85652492
2137689.00915776
2137775.30635673
2137840.66563925
2137916.29462342
2137892.14683986
2137868.13396602
2137821.84576891
2137809.04033841
2137829.18410022
2137849.06290002
2137769.29965717
2137690.07007408
2137588.43288377
2137475.85848766
2137429.31641103
2137394.77567569
2137382.24601164
2137335.70803574
2137278.10044034
2137231.69836546
2137218.90862381
2137228.65899459
2137227.20652012
2137258.17749244
2137255.93593599
2137276.10235428
2137262.79269661
2137272.41673483
2137271.10159811
2137258.58427749
2137223.13699991
2137220.11846502
2137195.22254715
2137182.84110191
2137114.05651514
2137045.14327518
2137032.11143260
2136952.91436199
2136896.38301197
2136816.66618383
2136748.67410481
2136702.17430194
2136700.74217890
2136732.52453073
2136785.15006439
2136839.07691355
2136925.30935791
2136979.49747566
2137033.29697515
2137054.01328682
2136871.25153980
NaN
2133389.72973640
2133453.99258948
2133463.16890339
2133405.78078795
2133315.31414574
2133235.65040736
2133189.60835429
2133154.36929610
2133141.27501563
2133183.54046873
2133237.01350125
2133301.42476050
2133387.84613009
2133474.67198974
2133572.43610013
2133637.79174407
2133779.84398031
2133888.81646143
2134020.06706604
2134139.97887949
2134237.88240065
2134291.50047101
2134389.00466679
2134475.57230567
2134540.79936030
2134649.51208000
2134769.69777838
2134889.61752036
2135009.40502930
2135129.19372606
2135226.84056595
2135324.35563040
2135422.00499443
2135508.71690143
2135617.04192581
2135747.77693169
2135813.14494039
2135899.72858920
2135974.71241228
2136028.08453327
2136169.36848193
2136311.31501241
2136376.42286817
2136430.59183282
2136527.99156898
2136614.32148895
2136700.25795400
2136754.16680476
2136807.81324226
2136817.17513467
2136826.80081479
2136847.49858105
2136857.12570194
2136865.83533091
2136897.73813373
2136940.71284690
2137026.92581310
2137068.85532649
2137047.89033351
NaN
2134015.07025558
2134068.45863321
2134133.05071517
2134153.35861125
2134162.46542931
2134182.77573566
2134224.96829791
2134267.42365126
2134298.80885267
2134352.33774379
2134428.01027980
2134547.96893479
2134634.19389598
2134665.45486228
2134641.36098201
2134606.84712978
2134664.41393738
NaN
2134914.94296607
2134979.55903834
2135044.30544408
2135142.00793586
2135251.17001696
2135404.74642904
2135481.47035677
NaN
2136273.79504740
2136349.60606187
2136358.86107112
2136412.01326790
2136454.48442160
2136507.76905899
2136583.32682973
2136614.73042672
2136657.20632785
2136677.41198944
2136752.71675539
2136817.08088569
2136849.13467418
NaN
2136826.21962363
2136813.21748047
2136822.10175411
2136809.10254836
2136851.33177598
2136960.11729010
2137013.67686943
2137100.32262122
2137164.69944066
2137228.94976011
2137259.98860348
2137290.77366691
2137344.21344184
2137342.80969943
2137329.18832064
2137350.05605232
2137348.52771967
2137358.32576630
2137378.94099595
2137388.74035228
2137475.14772250
2137443.07834995
NaN
2137230.82444511
2137261.75256692
2137337.21992606
2137412.56203682
2137477.08803152
2137552.55971408
2137605.76460777
2137637.71361244
2137657.70846326
2137688.64978721
2137708.52214651
2137707.26221234
2137749.40517041
2137813.31426379
2137855.33523890
2137865.15001970
2137896.35407240
2137938.75583957
2138002.79937524
2138012.49248300
2138032.50634526
2138041.32613768
2138006.73915266
2138042.45139333
NaN
2141085.75753721
2141086.99852090
2141088.24011371
2141145.83021674
2141169.83693076
2141183.02327635
2141196.08680126
2141197.33307238
2141176.68784430
2141157.29178828
2141169.73644089
2141171.11104013
2141150.84506040
2141130.20491348
2141121.13741758
2141166.73987377
NaN
2160978.34766129
2160967.58056107
2160967.88714651
2160968.04044846
2160990.18777732
2161001.41475196
2160990.49440228
2160990.64772397
2160979.57405752
2160968.50039116
2160946.35305873
2160924.20572671
2160913.28538407
2160913.59204895
2160913.74539062
2160902.97842265
2160892.05811181
2160903.28514768
2160914.35881872
2160925.43248987
2160936.50616111
2160925.58586292
2160903.59189729
2160881.59793555
2160859.60397772
2160848.37691766
2160848.07016236
2160858.68374474
2160869.45071759
2160869.14404569
2160880.06438509
2160879.91106384
2160901.90507866
2160923.89909737
2160934.81945591
2160945.43323656
2160945.12667834
2160956.20033922
2160978.34766129
2160978.34766129
2160967.58056107
2160967.88714651
2160979.11411284
2160979.11411284
2160990.34108672
2161001.41475196
NaN
2160424.33953639
2160413.41990208
2160391.58064821
2160380.81516681
2160370.04970744
2160348.05635406
2160325.90884514
2160314.68093821
2160314.37265140
2160314.06438917
2160324.82990119
2160335.59543522
2160346.51508445
2160368.50848600
2160379.58223351
2160379.58223351
2160379.73632867
2160368.97078792
2160369.12490084
2160369.27901991
2160380.19865100
2160391.11828701
2160413.26578650
2160413.26578650
NaN
2159577.03372584
2159598.87114871
2159609.78986750
2159642.85630824
2159665.15916370
2159676.69847615
2159643.63205309
2159632.71335790
2159599.80211863
2159566.89089679
2159544.74316776
2159521.97473750
2159521.50927580
2159521.04386937
2159542.88134174
2159564.87394116
2159565.18417445
2159565.49443232
2159576.87857474
2159587.95243482
NaN
2158965.18041750
2158976.56428816
2158976.71931104
2158977.18441653
2158977.49451757
2158978.11479335
2158989.34372974
2158999.95234346
2158999.48716026
2158999.17706883
2159032.70870541
2159044.24774522
2159044.55790341
2159033.79423291
2159011.80162527
2158967.50621133
2158945.04832193
2158944.73816349
2158944.42802961
2158955.03672198
2158954.57162050
2158965.33542743
2158965.18041750
NaN
2158704.18676308
2158682.19524342
2158660.20372760
2158627.13820981
2158615.90770690
2158582.37272048
2158581.90330863
2158592.50795139
2158603.11264547
2158624.94779836
2158658.16978773
2158680.47420254
2158702.93506162
2158714.32195055
2158703.71732897
2158703.87380087
2158704.18676308
NaN
2158100.75628663
2158122.58946256
2158133.19103173
2158143.95014443
2158165.62591083
2158187.30172474
2158198.06092395
2158208.66271019
2158241.41275885
2158263.08874757
2158284.76478380
2158284.60740554
2158317.20025013
2158338.56175477
2158360.08069678
2158381.75700656
2158392.67381729
2158414.03568107
2158424.79528314
2158446.31455313
2158456.91702230
2158478.43644720
2158489.03903478
2158510.71574918
2158521.31843743
2158543.15235464
2158564.67210756
2158575.43201695
2158597.10895562
2158618.47187406
2158629.23189322
2158650.75199742
2158661.51208245
2158672.58614115
2158694.26333642
2158715.94057924
2158726.38688938
2158748.06424620
2158780.65881199
2158791.26223281
2158812.78290289
2158834.46048407
2158834.30366082
2158855.82450659
2158866.74175084
2158877.34544020
2158888.26270516
2158920.85778056
2158931.46160228
2158953.13950478
2158963.74342722
2158996.18211125
2159007.09947372
2159017.86019060
2159050.45571049
2159082.73812099
2159093.34239308
2159115.02072920
2159125.78164254
2159125.78164254
2159158.22102621
2159179.74302739
2159190.34758394
2159222.63085124
2159244.46598333
2159265.98831283
2159276.90590693
2159309.50233862
2159353.01649259
2159374.69545097
2159396.53077475
2159418.20981124
2159429.12749573
2159439.88889533
2159472.32948094
2159515.68795180
2159526.44949238
2159537.05485738
2159558.89042646
2159569.65204335
2159591.17534306
2159612.54260829
2159634.06610707
2159633.91001404
2159655.27756033
2159687.56317496
2159708.77503523
2159719.06910976
2159740.28134923
2159750.88754600
2159772.25596808
2159783.32990811
2159804.54262184
2159815.14905575
2159836.67366875
2159847.28022123
2159857.73106200
2159879.25592061
2159890.17411114
2159900.78086718
2159911.23198188
2159921.99453338
2159932.60144354
2159932.29013530
NaN
2158527.68165707
2158549.82976410
2158561.06075921
2158572.44871632
2158561.68858643
2158539.69744325
2158517.70630389
2158506.63224588
2158506.31830219
2158506.00438307
2158505.84743272
2158527.68165707
NaN
2159363.81245052
2159330.58991093
2159308.28349123
2159275.06095515
2159252.75454734
2159230.60619219
2159208.29979539
2159164.16112908
2159130.78056156
2159097.55803424
2159064.17748075
2159030.95495723
2158997.41640709
2158964.03588692
2158941.72954866
2158919.42321966
2158874.96856190
2158841.58808517
2158797.13345263
2158763.75299909
2158719.14045340
2158685.76003122
2158652.37962014
2158618.84131249
2158585.30303845
2158540.69064083
2158496.07828023
2158473.77211380
2158429.00197403
2158395.62169171
2158339.77750490
2158295.00754230
2158250.23765286
2158205.62557783
2158183.16182043
2158160.85581354
NaN
2158706.12229815
2158684.13117559
2158673.37112789
2158651.85109835
2158641.24816711
2158619.72829252
2158598.05140873
2158587.44864528
2158555.01205220
2158544.40942299
2158511.81586320
2158501.21335047
2158490.45367598
NaN
2158148.36242019
2158158.96357743
2158169.56478594
2158191.08256166
2158223.51696662
2158255.79395743
2158299.46029621
2158310.06186983
2158342.65423652
2158353.41339488
2158364.01511848
NaN
2157711.23404935
2157732.75093361
2157743.35157930
2157765.02642448
2157775.62717077
2157807.74520603
2157829.26253147
2157850.77994466
2157861.06563415
2157882.58324855
2157903.94332603
2157914.54461469
2157936.37766843
2157958.05316274
NaN
2158427.46919317
2158416.55243881
2158394.71894473
2158384.11694304
2158384.43170563
2158373.82979072
NaN
2157674.54003822
2157696.53058870
2157729.59528139
2157773.73411514
2157817.87295115
2157851.09536522
2157895.23420261
2157928.61433480
2157950.76261270
NaN
2157426.96803668
2157416.20905078
2157394.37596414
2157383.61702084
2157361.62637077
2157350.86745847
2157351.18269504
2157340.42382787
2157340.42382787
2157329.50733808
NaN
2157915.38741667
2157904.31333491
2157871.40550796
2157838.49769830
2157816.82123015
2157795.14480950
2157773.31116298
2157751.47753599
NaN
2157481.39335898
2157503.22654548
2157546.89297700
2157557.33715467
2157579.17044220
2157589.77219514
NaN
2156718.22454429
2156729.29865829
2156762.36348307
2156795.58582449
2156828.96568866
2156851.58652526
2156885.28154508
2156908.21769364
2156919.92225748
2156920.39515245
2156899.03517098
2156877.51763328
2156844.61062763
2156811.54592846
2156767.56481093
2156723.42598488
2156690.20357612
2156656.66574733
2156634.35977874
2156611.73845303
2156599.87601663
2156588.17135793
2156598.45745404
2156608.90126038
2156630.57682255
2156663.32654764
2156685.31724738
2156696.23383645
NaN
2157796.56039255
2157774.72684433
2157764.12475185
2157742.29125476
2157709.54104571
2157676.79088057
2157666.03156413
2157655.27226962
NaN
2157213.84432082
2157203.08592425
2157192.32754961
2157170.81086609
2157148.82046903
2157115.75591548
2157082.69136486
2157038.39472312
2157005.48811102
2156972.58151618
2156939.83290235
2156895.85218706
2156885.09398567
2156874.17780971
2156852.02947598
2156829.88114264
2156829.24922894
2156816.91153777
2156782.89956841
2156760.11977940
2156737.49793476
2156703.80200677
2156681.33809276
2156647.80006520
2156636.41035590
2156613.78877315
2156591.48274057
2156569.17671724
NaN
2156025.28257920
2156047.11552664
2156091.09674553
2156157.38386386
2156190.29097671
2156245.50397555
2156300.87460040
2156356.24522768
2156400.54173125
2156456.22764885
2156489.76534767
2156512.22894888
2156534.69258047
2156534.85027423
NaN
2155979.40980732
2156012.78977125
2156035.09562335
2156046.32736099
2156068.63323071
2156057.71673391
2156024.80962868
2155991.90254070
2155958.99546997
2155926.08841649
2155893.18138025
2155860.27436126
2155827.36735951
2155772.31210786
2155739.24742010
2155717.25686956
2155684.03446695
2155662.04391875
2155639.89564986
2155628.66379787
2155628.19068164
2155627.71762061
2155627.24461480
2155626.92930826
2155593.70693046
2155549.56807352
2155527.57747176
2155505.58687380
2155483.59627965
2155450.68923129
2155439.93045973
2155440.08814742
2155451.31997254
2155440.56124732
2155418.41298232
2155374.27416163
2155374.43187591
2155341.36719458
2155297.38610999
2155286.46970866
2155253.40504058
2155242.33090491
2155220.18263387
2155176.04383178
2155142.82142508
2155098.84037066
2155065.93346884
2155065.93346884
2155021.95244576
2154999.96193991
2154967.05507955
2154933.99044514
2154911.99995447
2154868.17679011
2154824.03802974
2154791.13123399
2154758.22445546
2154714.24354816
2154648.11436237
2154637.19806828
2154604.13348345
2154549.07847107
2154493.86559762
2154427.57857698
2154405.43027942
2154350.21740885
2154283.93039100
2154217.64337458
2154151.19848186
2154073.83731774
2154018.62445215
2153996.63403541
2153941.57906318
2153897.44035641
2153842.54331049
2153798.72045521
2153776.73007635
2153743.82348508
2153710.91691100
2153689.24247702
2153656.33594862
2153601.43910790
2153601.59710476
2153590.68094572
2153557.77447912
2153525.02605856
2153503.35184836
2153481.51962261
2153470.76158537
2153448.77132044
2153394.19091399
2153350.68480453
2153329.01087098
2153296.42097326
2153263.83115805
2153231.24142536
2153209.56772664
2153188.21058700
2153155.62110672
2153144.86349429
2153112.43246054
2153091.23411718
2153058.80338223
2153059.27857565
2153038.08070832
2153016.72457081
2152984.45286035
2152963.09702864
2152942.05847891
2152920.70298549
2152910.10460254
2152889.06665264
2152867.87028006
2152857.90709455
2152847.15034896
2152836.86995206
2152826.27208433
2152815.51545060
2152804.44119971
2152770.90083725
2152726.28626095
2152670.43871079
2152648.13146345
2152614.90873192
2152592.76024472
2152559.37876847
2152515.24054257
2152460.02807577
2152426.96409731
2152393.90012173
2152371.91039328
2152338.84642384
2152305.94123054
2152283.95151716
2152228.73906763
2152217.82360733
2152195.99270128
2152162.92875800
2152140.78026087
2152118.47296579
NaN
2154904.18301039
2154937.40518887
2154992.77548827
2155047.98872661
2155103.20196672
2155169.64632693
2155236.24775957
2155302.84920998
2155347.14546218
2155402.51577963
2155469.11725921
2155535.40455143
2155590.77487716
2155657.21927126
2155712.58960235
2155746.28315777
2155779.97678148
2155813.35614855
2155857.80959982
2155913.33713848
2156002.55850588
2156024.86387083
2156102.69687022
2156180.68716723
2156269.59436584
2156336.19615836
2156380.64979262
2156447.40892060
2156502.93668310
2156547.39036881
2156569.53855321
2156580.76997452
NaN
2156669.67740945
2156714.28850827
2156792.43671642
2156837.20533651
2156870.89992453
2156893.04813497
2156948.89101148
2156993.65985573
2157016.43805064
2157050.13294182
2157061.67966586
2157106.60637868
2157184.28280686
2157206.58863926
2157262.43206638
2157318.27557157
2157351.81324185
2157374.27681440
2157396.74041735
2157430.27818509
2157452.74185036
2157486.27968365
2157486.27968365
2157508.58568215
NaN
2154937.09108155
2154914.94296519
2154870.80378015
2154804.35943166
2154748.83210488
2154693.46182298
2154638.24857579
2154571.96127392
2154516.90507329
2154483.83994915
2154439.85782677
NaN
2153926.68430949
2153959.90642356
2153993.28542718
2154048.96942664
2154115.72750950
2154171.25465553
2154215.70777170
2154271.23494727
2154293.38304012
NaN
2153384.37027954
2153417.43552380
2153461.57480473
2153505.55724135
2153560.61372508
2153626.90108285
2153682.27124332
2153737.64140623
2153804.24245145
2153859.61262311
2153892.67787535
2153914.82594393
NaN
2154460.90666563
2154438.75855765
2154405.69341443
2154372.62827414
2154339.40611058
2154295.10989386
2154272.96178609
NaN
2151689.01506032
2151710.84889984
2151743.44257781
2151787.11039531
2151819.86130948
2151852.45521022
2151874.13217721
2151906.56921146
2151939.00637932
2151982.67467762
2152015.42595242
2152059.40823922
2152103.39054121
2152136.29882064
2152191.19829016
2152246.09779687
2152301.15421143
2152345.13660653
2152400.19304868
2152455.09266079
2152477.08388305
2152510.14913853
2152543.21439694
2152576.43648464
2152620.57577386
2152631.64980300
2152664.87189099
NaN
2151732.99702359
2151722.23724960
2151700.56059706
2151679.19837236
2151646.91944411
2151614.48345000
2151582.04758946
2151549.61186247
2151516.86159050
2151484.26871480
2151462.27790106
NaN
2150862.96909912
2150884.64426140
2150917.07826427
2150960.58651561
2151003.77970419
2151047.28826596
2151101.71352897
2151145.37987315
2151200.27788236
2151243.94435785
2151266.09255363
2151331.90729364
2151386.80544089
2151430.47211607
2151474.13886897
2151506.88898466
2151539.95387434
2151573.01876693
2151595.16694127
NaN
2150430.74031993
2150429.94993910
2150440.23387023
2150439.28579481
2150449.25413549
2150448.30653350
2150458.43329389
2150468.87596521
2150490.39286593
2150533.90031535
2150555.25963064
2150576.77683473
2150587.06227553
2150608.57968010
2150641.17129179
2150684.83710329
2150728.50299244
2150739.26185228
2150750.33596613
NaN
2150807.21879198
2150785.22956137
2150763.08093563
2150740.93231027
2150707.54998366
2150674.00829319
2150629.39232816
2150595.69136712
2150572.90546431
2150538.72681522
2150537.93053277
2150548.20869495
2150580.95395779
2150624.77355229
2150668.43402620
2150701.33857684
2150723.48714641
2150756.39171196
2150800.52970956
2150844.66770931
2150878.20883951
2150911.75000334
2150934.21691267
2150956.84304325
2150979.31002700
2150990.86197124
2151002.89173940
2151003.52884455
2150993.09174387
2150971.73976790
2150950.06920222
2150917.32437303
2150884.42019929
2150851.51604263
2150840.44172982
2150818.29310449
2150818.29310449
NaN
2151673.32945758
2151662.57340656
2151674.28422849
2151675.08003937
2151653.56821352
2151632.05647503
2151599.31128342
2151544.25828681
2151511.19464445
2151466.73820636
2151422.28178146
2151366.27342596
2151343.80644169
2151332.25459971
2151331.45880380
2151330.82227731
2151341.10103622
2151373.84662749
2151395.83611120
2151439.65603408
2151483.63503729
2151516.69881841
2151538.84736644
2151572.22923494
2151605.77017459
2151628.23686951
2151639.47022836
2151661.93696888
2151662.09606911
NaN
2154080.36476224
2154069.29049000
2154047.30093119
2154047.30093119
2154035.74972292
2154035.11389457
2154045.87028363
2154067.70095982
2154100.60591961
2154111.36237046
2154122.11884317
2154110.72681716
2154088.41942532
2154066.11204274
2154043.96352605
2154054.72007588
2154076.86859002
2154099.17595847
2154132.55759515
2154166.09811940
2154188.56441498
2154199.95647719
2154233.02036373
2154244.25353288
2154255.48670962
2154255.64562834
2154233.81495043
2154245.04815367
2154267.19668897
2154256.59926939
2154245.84292775
2154213.41503229
2154191.74350390
2154147.60541675
2154125.61588517
2154103.46733177
2154070.08548501
2154058.85219886
2154047.61892031
2154058.37520392
2154069.29049000
2154069.29049000
NaN
2153477.32432768
2153466.25003463
2153443.94227446
2153432.70881486
2153432.54965346
2153454.53907830
2153487.92110791
2153510.06969037
2153521.30314866
2153532.37744082
2153543.61090749
2153521.62150086
2153510.54720742
2153488.39862083
2153477.32432768
NaN
2152069.93544186
2152092.40212098
2152125.94311037
2152148.40985186
2152193.18430499
2152237.79969529
2152260.10740435
2152293.48941019
2152326.87142717
2152371.48691369
2152427.01754489
2152471.31471163
2152526.52698762
2152548.51639131
2152581.58008948
2152625.55891466
2152680.77120119
2152713.67575741
2152757.65461820
2152790.40007996
2152823.14558536
2152844.65776412
2152855.41388628
2152877.08524961
2152909.83093664
2152931.34337256
2152941.78162461
2152952.53792035
2152963.45321110
2153008.06825958
2153041.60907228
2153041.60907228
2153075.14991861
2153097.45749206
2153119.76507478
2153130.99838969
2153130.99838969
2153175.45454607
2153208.83643651
2153253.29261818
2153275.60025076
2153320.05645664
2153353.43839257
2153398.05372792
2153431.43569527
2153442.66910034
2153464.97680045
2153476.21022150
2153509.75137632
2153532.05911175
2153565.44114822
2153609.89748865
2153665.42813627
2153698.65101888
2153731.71471624
2153776.01189282
2153798.16048168
2153864.76544499
2153864.76544499
2153886.91403678
2153953.35981448
2153997.65700154
2154064.26199795
2154119.47427396
2154174.52734412
2154240.81392313
2154273.71841787
2154328.77151964
2154361.99440521
2154395.05810716
2154428.28099241
2154439.35528769
2154461.66306716
2154450.90716527
2154462.14066982
2154495.20435599
2154528.58646119
2154550.89427775
2154551.21273346
2154573.99832639
2154629.52911429
2154651.67772494
2154673.98561127
2154696.45279580
2154696.77139206
2154719.39795527
2154741.54657849
2154819.22609609
2154874.59766266
2154885.67197626
2154919.05426328
2154974.58519284
2155030.11613785
2155074.57278019
2155129.78499454
2155140.85931244
2155185.15658498
2155229.29448190
2155339.87828909
2155373.10124445
2155417.23914300
2155461.53641696
2155505.67431648
2155560.72716915
2155593.79075896
2155615.78003501
2155637.92866839
2155682.22593633
2155737.43816366
2155792.49104173
2155880.92622317
2155902.91551014
2155924.42681534
2155945.61962805
2155978.20546135
2156010.79137718
2156021.38799028
2156031.98465457
2156042.74055889
2156042.58137006
2156053.33730785
2156075.00840317
2156096.52040882
2156129.10679219
2156172.92663868
2156205.67223865
2156227.34359741
2156271.00452608
2156303.43223728
2156302.95522881
2156335.54212763
2156346.13951472
2156379.04443524
2156411.63151927
2156444.21868589
2156487.88019963
2156487.88019963
2156520.62638598
2156531.70064884
2156575.99770124
2156609.22049155
2156641.96670755
2156663.63870730
2156707.14165013
2156750.48594733
2156782.75618472
2156804.11107673
2156836.54035183
2156836.06434722
2156856.94374280
2156867.38357982
2156877.66494920
2156865.79801271
2156865.00545931
2156886.36149824
2156896.80190013
2156885.09396651
2156884.61874338
2156883.82682759
2156883.03506523
2156893.47596832
2156893.31765813
2156937.93109836
2156982.54457563
2157016.24223739
2157038.54901506
2157094.07843085
2157138.53365116
2157194.06309658
2157238.20155264
2157238.20155264
2157304.17167093
2157358.90925735
2157435.79532878
2157501.13234672
2157555.55367320
2157599.05921881
2157653.63908429
2157686.07069323
2157729.57662206
2157762.00849567
2157794.44050319
2157804.72429142
2157804.25013012
2157803.77602408
2157803.61800101
NaN
2161447.62275624
2161436.39609759
2161436.24308077
2161435.93706557
2161424.55744332
2161424.40445790
2161413.17784840
2161402.25719624
2161391.33654902
2161369.64826993
2161358.42163700
2161357.96267413
2161357.65672961
2161379.49806528
2161401.64532127
2161423.94553849
2161446.39873935
2161446.39873935
2161446.55171995
2161457.93133207
2161469.15796501
2161469.46398416
2161458.54336774
2161447.46973261
NaN
2161118.23391207
2161118.38659086
2161129.61287450
2161140.68647330
2161151.60738529
2161173.75458208
2161173.90727030
2161174.21266518
2161163.13906477
2161152.21816980
2161141.29727976
2161130.07096815
2161118.99736748
2161107.92376691
2161096.54476846
2161096.39207869
2161107.31299292
2161118.23391207
2161129.46018891
NaN
2161554.14797296
2161554.45013535
2161543.37670567
2161532.30327608
2161510.30750503
2161466.31597477
2161432.49133722
2161409.74023965
2161398.06267365
2161386.53621206
2161397.30763587
2161430.37690296
2161463.89915225
2161486.34801278
2161508.64587715
2161530.64170151
2161541.26209437
2161540.80912012
2161562.80497706
2161563.10694405
2161574.63336208
2161564.16402215
2161564.46609979
2161553.69477548
2161553.99690099
2161554.14797296
2161554.14797296
NaN
2163290.62172541
2163290.62172541
2163312.91914812
2163335.36724055
2163357.51402097
2163379.66080178
2163401.65691853
2163412.42899688
2163412.12770971
2163378.90754745
2163356.76077311
2163345.53675562
2163345.23551313
2163367.23167008
2163400.15061221
2163366.77986704
2163322.63692955
2163300.79136439
2163278.94581905
2163279.24706607
2163290.47108588
2163290.62172541
NaN
2163357.90565703
2163346.98254390
2163324.83585400
2163291.76605414
2163269.31890420
2163235.49803557
2163213.05097463
2163212.60045151
2163223.37346966
2163256.29318017
2163289.21290843
2163300.13611237
2163311.50971420
2163300.88682554
2163290.11381572
2163301.33732725
2163323.33383045
2163356.25351131
2163378.40018632
2163389.77386262
2163390.22441672
2163390.52481687
2163379.60168336
2163368.67855480
2163357.90565703
NaN
2161933.65209964
2161922.42994131
2161911.20779050
2161899.68779025
2161899.24105090
2161898.94325541
2161920.79188294
2161931.86508231
2161932.16285707
2161954.75597075
2161965.82917362
2161976.60455984
2162009.82416553
2162032.26839299
2162010.41983132
2161999.94238834
2161966.87172142
2161955.94747341
2161933.80105771
2161933.65209964
NaN
2163158.52098816
2163136.66900129
2163114.67000380
2163103.44996858
2163103.30295094
2163092.08293001
2163080.71591867
2163058.42291230
2163047.05594384
2163046.61504798
2163057.54109834
2163068.90801645
2163102.71494187
2163124.86095726
2163146.85998364
2163157.78600715
2163168.85901404
2163169.15298926
2163169.44698907
2163158.37397966
NaN
2159097.52624663
2159108.74043340
2159119.95462764
2159131.45232563
2159142.80831238
2159154.44789863
2159143.94264617
2159122.08134705
2159088.86393190
2159066.57716776
2159055.07927210
2159043.58143545
2159032.22542194
2159031.94189982
2159020.44420022
2159031.23320193
2159042.02222585
2159052.95297596
2159075.09789547
2159086.17035538
2159097.38452794
2159097.52624663
NaN
2160385.27313181
2160374.20073946
2160374.62369630
2160364.11532823
2160342.39361588
2160309.17642216
2160286.89059697
2160253.53238469
2160231.24657827
2160208.96078084
2160186.67499239
2160164.67120405
2160131.31302572
2160120.24063269
2160086.74148387
2160075.24618480
2160052.96045022
2160030.81567299
2160008.67089617
2159986.52611976
2159963.95852799
2159941.53191199
2159941.10919195
2159929.75502773
2159918.26002197
2159895.83354657
2159884.19781175
2159883.77535870
2159872.13980257
2159871.57671846
2159871.15446984
2159881.80464178
2159881.38250186
2159891.89209576
2159913.47414208
2159946.40991457
2159968.27334814
2159979.06444581
2160012.00027565
2160045.21734131
2160067.36205227
2160101.00100100
2160134.49936326
2160167.71644139
2160212.42787214
2160245.78563591
2160290.35646676
2160290.49716564
2160291.20075215
2160291.48222975
2160291.90449219
2160292.04525862
2160314.47155566
2160325.82550818
2160314.89393228
2160370.39661509
2160425.75849597
2160447.76243728
2160458.97562573
2160459.39809969
2160459.67977970
2160459.82062892
2160503.96929961
2160537.04559330
2160548.39967523
2160548.96315292
2160548.96315292
2160549.52672887
2160539.01801466
2160528.22749787
2160506.22366286
2160484.07888329
2160451.00266158
2160440.07122405
2160407.13597265
2160396.20454972
2160385.27313181
2160385.27313181
NaN
2159939.52976400
2159961.81419124
2159995.17091000
2160006.80274941
2160018.43469199
2160018.85449952
2160008.62198738
2159964.89278109
2159920.74360624
2159876.31442485
2159831.88525606
2159798.38841298
2159786.89622294
2159764.33180416
2159752.83973398
2159752.42000667
2159752.00033462
2159762.65299820
2159762.51313761
2159740.08887780
2159717.52482029
2159705.89329780
2159705.33414989
2159715.98712316
2159759.85695288
2159826.15082368
2159859.36762936
2159892.86393216
2159904.49527090
2159915.98691131
2159905.47387708
2159905.89337183
2159917.10549510
2159939.52976400
NaN
2159395.02358420
2159383.95145966
2159361.80721090
2159350.45854313
2159339.10990240
2159327.62305188
2159305.20235964
2159304.92593134
2159304.37314841
2159326.24102125
2159348.38524915
2159359.73372385
2159382.29254524
2159393.77931016
2159394.19401293
2159394.47051213
2159405.95743102
2159405.95743102
NaN
2159743.92775521
2159732.71922092
2159721.51069405
2159710.16562172
2159698.68404253
2159687.20252221
2159675.72106077
2159675.31161000
2159663.83026445
2159652.62186280
2159619.40601542
2159597.67148245
2159586.87247134
2159598.49037772
2159598.89990822
2159610.51799305
2159633.20814168
2159666.83376830
2159700.59607537
2159734.22185571
2159756.50243239
2159778.64636950
2159823.07089579
2159867.22212206
2159889.36606124
2159933.51729025
2159955.38794439
2159966.32327905
2159977.12199654
2159998.85609731
2160009.65487003
2160009.38170182
2160020.04395702
2160019.77084903
2160008.28927455
2160007.87971562
2160007.47021195
2160007.19724019
2160006.92429299
2159984.50746770
2159984.37101677
2159962.09067208
2159951.15516533
2159940.49257924
2159929.69356628
2159930.10302078
2159930.37602114
2159908.50513193
2159908.64165242
2159897.84275314
2159887.18042619
2159876.51815106
2159854.64737912
2159832.77662746
2159810.63269991
2159777.41680936
2159766.34484605
2159755.13629692
2159743.92775521
NaN
2158687.86606234
2158710.00973971
2158743.49593673
2158765.50427314
2158798.58445334
2158843.00715493
2158876.76411472
2158899.44934177
2158889.05455655
2158845.44436517
2158790.22056680
2158734.99677133
2158679.23116607
2158645.74475357
2158612.12296376
2158600.50954291
2158610.90455175
2158632.77753927
2158643.84937855
2158665.85771833
NaN
2163219.04486539
2163230.38921117
2163252.94175245
2163275.22187293
2163308.30147304
2163318.82853934
2163318.28375956
2163317.87523927
2163350.81873424
2163406.45074696
2163440.07510366
2163463.03623795
2163474.92565968
2163497.75096220
2163509.50447603
2163543.12935631
2163576.75430339
2163588.50818301
2163589.05383046
2163578.52761001
2163567.86501424
2163546.13050093
2163491.18012390
2163435.82027195
2163402.60436202
2163369.25196376
2163346.97154417
2163291.20230466
2163268.78547280
2163235.02385992
2163201.53515538
2163190.32679512
2163167.91009688
2163123.34951479
2163078.78896832
2163045.57310356
2162989.94064435
2162956.58845324
2162912.02800377
2162889.88410280
2162845.32369213
2162800.35449212
2162777.52935527
2162776.98446895
2162787.78400152
2162809.38313370
2162841.91814168
2162852.85393318
2162863.51747390
2162896.32492748
2162951.27628527
2162984.21990338
2163028.37153986
2163072.65925397
2163117.08305273
2163139.36300273
2163161.77906539
2163162.05129138
2163151.11547998
2163140.31580700
2163151.52388174
2163173.94005349
2163185.28431690
2163207.70054664
2163207.83673266
2163219.04486539
NaN
2159663.83026445
2159663.55736596
2159663.01164266
2159662.32962663
2159650.71218320
2159649.89411738
2159638.41323162
2159637.86805318
2159659.46683511
2159669.99377729
2159680.79324740
2159668.90409381
2159668.22324114
2159667.54254192
2159655.65399061
2159654.97363193
2159643.22151786
2159631.60556011
NaN
2159886.22470504
2159874.87974216
2159863.26184983
2159862.71601055
2159839.88995549
2159850.27989791
2159849.59804681
2159848.91634918
2159837.16286978
2159803.12942835
2159780.57683407
2159757.88809043
2159746.40756607
2159734.79093266
2159733.97405407
2159722.49378046
2159710.87747876
2159699.12522441
2159687.78122106
2159687.23711123
2159686.82909332
2159686.55711206
NaN
2163516.04696552
2163516.19038936
2163505.40460655
2163494.47539877
2163472.04322671
2163471.61296260
2163471.46955353
2163471.32615061
2163493.47144056
2163504.83090138
2163504.97431844
NaN
2130575.51249861
2130685.76575845
2130762.95961371
2130873.21290716
2130950.24119255
2131005.11949123
2131071.40396345
2131159.50731938
2131225.46069210
2131302.32356983
2131379.35201924
2131423.48650913
2131456.71151042
2131544.64949309
2131643.66252884
2131764.99106891
2131853.09464536
2131930.28869886
2131985.16734184
2132084.34597908
2132172.28424618
2132238.40337463
2132293.44752741
2132315.43211567
2132381.38590178
2132458.58005872
2132557.75883774
2132645.69732719
2132722.72620952
2132810.83009720
2132899.09930526
2132998.11292414
2133075.30718548
2133141.09596602
2133207.21528983
2133284.40959287
2133383.58861210
2133449.70797116
2133482.76765457
2133548.55662857
2133658.48034175
2133734.84898953
2133811.54807322
2133921.14195855
2133942.96172204
2134052.72090587
2134129.42041099
2134206.12002225
2134293.39983122
2134358.85988681
2134435.55991807
2134468.29007705
2134523.33498008
2134589.12513307
2134665.82545762
2134687.48088496
2134830.13658051
2134885.01689607
2134961.88234164
2135016.76273946
2135104.37383422
2135170.16458488
2135246.86566710
2135334.47714826
2135411.34304315
2135455.14889127
2135487.87988949
2135531.52128685
2135553.50653383
2135586.40215383
NaN
2133036.30152912
2133014.31669369
2132992.16679810
2132969.85184669
2132969.19168276
2133001.75643958
2133045.06625765
2133067.05116102
2133134.16072310
2133156.80562674
2133158.12595566
2133125.56141271
2133081.42669724
2133048.36693529
2133003.90204012
2132992.33186182
2133014.15163461
NaN
2133438.47558742
2133450.04748597
2133472.52880887
2133483.76948177
2133495.01016229
2133517.65722729
2133518.15430699
2133496.00425821
2133462.44780047
2133428.89137661
2133384.42562777
2133361.77863056
2133361.44735568
2133382.93490513
2133415.49755121
2133437.48198782
2133470.54143754
2133492.85703917
2133493.51942908
2133493.68504177
2133471.70063101
2133449.55060186
2133438.64120865
NaN
2135839.31507094
2135860.97146470
2135882.95677478
2135904.61322797
2135948.41947287
2135981.31528167
2135992.22575682
2136014.04672137
2136025.12159105
2136068.92793950
2136112.56997749
2136145.30155582
2136177.86886567
2136210.76484063
2136243.66083217
2136276.39256527
2136298.37800869
2136342.18465133
2136385.99133305
2136418.55898559
2136462.36576265
2136484.02288585
2136527.66558100
2136571.47249430
2136593.29389762
2136636.93676125
2136669.66895886
2136735.46162370
2136790.17952311
2136833.98670185
2136877.62989756
2136921.43716994
2136965.40847278
2136998.30496643
2137031.03750543
2137118.81628826
2137173.69856987
2137228.41697612
2137304.95731338
2137315.70438238
2137392.24494287
2137490.93527241
2137578.55095241
2137589.29821737
2137677.07784543
2137731.46949212
2137808.17456736
2137895.79088486
2137928.68795339
2137994.31852657
2138059.94921261
2138137.14549096
2138147.89312375
2138169.71555235
NaN
2139755.98204851
2139733.83254723
2139700.93498293
2139668.03743533
2139646.05129109
2139624.22852249
2139591.33101718
2139547.35877172
2139503.54994760
2139470.65250011
2139415.76897947
2139404.85765518
2139361.04894712
2139328.31504387
2139295.74467436
2139252.09961544
2139197.37985968
2139186.63216998
2139164.97328782
2139088.43132333
2139055.53418423
2139011.72589823
2138956.84286692
2138946.09536598
2138913.03465762
2138880.13761074
2138847.24058053
2138825.41835673
2138803.26877729
NaN
2139846.67992904
2139879.25205929
2139922.89897824
2139988.20656707
2140043.09131091
2140086.24984186
2140151.88370339
2140249.76491210
2140315.23638975
2140380.70803927
2140435.10518502
2140500.57718203
2140566.21197979
2140609.69755913
2140675.49517057
2140718.98096723
2140773.70407929
2140828.26475135
2140893.90019477
2140959.04841086
2141013.60951607
2141111.98217189
2141199.60515245
2141276.15365884
2141374.52704812
2141483.97535612
2141582.51151553
2141681.04789259
2141724.85992261
2141779.42237788
2141856.13416569
2141888.87176439
2141932.84606130
NaN
2143197.51784493
2143175.53049570
2143131.39399658
2143087.58113547
2143054.84289412
2143000.27925436
2142934.31737307
2142868.35552477
2142824.54288550
2142780.56836235
2142725.84313407
2142660.04338385
2142616.55487915
2142561.66788028
2142506.78091757
2142462.96859285
2142408.08170406
2142342.12024628
2142276.15882143
2142199.28491497
2142133.64780213
2142067.68651676
2142001.88741842
2141924.85159590
2141870.12722876
2141815.07852103
2141748.95520475
2141694.06874114
2141661.16932675
2141628.10768923
NaN
2145026.94245381
2144983.12793676
2144906.25112812
2144796.63451783
2144686.85685421
2144643.52645143
2144567.13399645
2144468.43135471
2144391.87792599
2144304.41155760
2144194.95780892
2144096.41737924
2144008.79017139
2143931.91453882
2143833.05144878
2143756.17595747
2143712.36257486
2143679.62378933
NaN
2145101.88612321
2145123.55193178
2145167.20573591
2145254.83555879
2145331.55202706
2145397.35507229
2145463.31912014
2145584.33375108
2145661.05057067
2145726.69302717
2145759.27303018
2145803.24923221
2145857.65667439
2145900.82907521
2145922.33500549
2145955.07619330
2146009.96633182
2146075.77027215
2146108.67226771
2146163.72317912
NaN
2146963.80929096
2146909.07881755
2146832.19956689
2146733.33198602
2146645.21796966
2146557.42496991
2146480.70650749
2146370.76484320
2146239.15613689
2146140.44978503
2146052.65738465
2145986.69265537
2145898.57905914
NaN
2147432.63623827
2147498.60216961
2147564.24791016
2147629.89376536
2147728.76288224
2147827.47206938
2147937.09579338
2148002.90212321
2148057.79410093
2148090.53737572
NaN
2145918.96091470
2145885.73758746
2145896.49083117
2145896.16965701
2145918.15795705
2145940.46741608
2145951.54185608
2145973.85132529
2145974.49374205
2145963.74054202
2145952.82672733
2145919.60339085
2145897.45450034
2145897.13325284
2145918.96091470
NaN
2147028.51757536
2146984.38002883
2146896.42480163
2146852.28726806
2146808.30968221
2146742.34333132
2146665.14266872
2146610.09075979
2146532.89011803
2146466.92385697
2146422.94636819
2146356.82014183
2146301.76830367
2146235.64210057
2146202.41896745
2146158.28149095
2146125.05835776
NaN
2145791.85311506
2145780.61783384
2145736.80242563
2145714.33185151
2145724.60232250
2145724.44154185
2145768.25707609
2145790.24523603
2145801.48045674
2145823.95092098
2145835.50774591
2145824.75488626
2145802.92758166
NaN
2149265.58651455
2149309.24537183
2149364.13823137
2149440.86063849
2149517.74270218
2149616.61395305
2149748.54877120
2149825.27159610
2149913.06884739
2150000.86620259
2150044.68521539
2150110.65289050
2150187.53553388
2150264.57759681
2150396.51320543
2150473.39605004
2150594.09830851
2150615.92836549
2150703.56724107
2150769.05769527
2150834.54832373
2150933.42111837
2151065.19862837
2151120.09272484
2151197.13541398
2151240.95530463
2151285.09334614
2151340.14660983
2151362.13610928
NaN
2148923.71885960
2148967.53724272
2149077.32279948
2149154.04509877
2149208.77841867
2149296.73479565
2149373.45737402
2149450.18006169
2149527.22182608
2149593.18930136
2149648.24195579
2149703.45408439
2149758.34730384
2149824.63375798
2149868.77157980
2149901.83508740
NaN
2151470.49372700
2151415.44033314
2151360.54593607
2151272.58777095
2151195.54491538
2151140.80967318
2151085.91544554
2151042.09553137
2150976.28618898
2150965.37100376
NaN
2152043.01802874
2152021.18726695
2151966.13375034
2151900.16488911
2151834.19606172
2151779.30153060
2151713.33277238
2151647.52301278
2151603.38491720
2151559.40580144
2151526.34198133
NaN
2096131.02185873
2096175.47978439
2096231.33301367
2096286.86536079
2096353.95358082
2096387.49774101
2096443.51177706
2096454.90726330
2096511.08207223
2096533.71265525
2096579.13466180
2096613.00053133
2096658.10162991
2096692.45000302
2096726.47710929
2096815.55484128
2096926.13820115
2097014.25110940
2097102.36404292
2097124.51287245
2097234.93543953
2097345.51879633
2097423.03970046
2097478.25098369
2097555.77189059
2097589.31674608
2097700.70424129
2097800.69574289
2097900.52642667
2097989.28271047
2098033.90220288
2098166.79534854
2098288.61407715
2098388.12303533
2098399.03655211
2098542.68232000
2098675.25366074
2098785.67614646
2098873.94978026
2098995.44670356
2099050.65795281
2099117.10451904
2099249.67587296
2099382.56901156
2099449.17649016
2099626.36738293
2099715.12376582
2099781.57036553
2099903.38914038
2100047.35679790
2100136.27421519
2100269.32845931
2100390.98631344
2100523.71860945
2100623.22758523
2100744.88544329
2100855.30787177
2100954.49488664
2101064.75636202
2101119.64567547
2101240.98163228
2101362.47853972
2101472.90101661
2101550.42205774
2101627.94310344
2101683.15434003
2101738.52651705
2101794.05964530
2101915.71749916
2101971.08968596
2102015.22647979
2102092.58658647
2102159.03321122
2102258.22028932
2102269.29472578
2102346.65483479
2102412.94050797
2102434.92843814
2102490.30061805
2102556.42535405
2102622.55010017
2102655.61247703
2102677.76134525
2102710.82372376
2102754.96053817
2102799.41919684
2102865.70487699
2102942.90407052
2103041.76942618
2103074.67093670
2103195.36356431
2103261.32758098
2103283.15476387
2103360.19325761
2103393.09490225
2103437.23177985
2103481.36865920
2103558.72879803
2103636.24973597
2103713.60987486
2103768.82117467
2103835.26769464
2103868.65176355
2103968.32155879
2104012.61924799
2104090.30103571
2104145.67315617
2104190.13169473
2104300.87595355
2104345.17365970
2104411.78108260
2104456.07879535
2104500.69826090
2104545.15686993
2104567.46662767
2104656.54482641
2104690.08999200
2104723.47424395
2104768.09390195
2104812.39166112
2104890.07371323
2105000.65715429
2105067.26478682
2105144.94688153
2105200.31910378
2105255.85233406
2105300.79421271
2105389.55085303
2105456.15861292
2105522.76639081
2105578.29973233
2105600.77081140
2105656.30419005
2105745.22207512
2105778.76770689
2105834.30115255
2105867.52453964
2105889.83461375
2105989.98829048
2106056.11274108
2106100.24943532
2106133.31166654
2106166.37390031
2106188.36167280
2106243.57283894
2106243.57283894
2106332.16855007
2106387.54087257
2106420.76426718
2106487.37222862
2106564.89349494
2106653.81161247
2106731.81652736
2106720.74205547
2106754.12669447
2106809.82153119
2106865.67766902
2106932.44708226
2107010.61362717
2107043.99839025
2107066.30867965
2107155.54992996
2107211.24510102
2107278.01480515
2107300.32518070
2107333.71005970
2107378.33085897
2107411.87719750
2107434.02619322
2107478.64706846
2107500.79606817
2107523.26798079
2107545.57845086
2107590.03793716
2107623.42293212
2107656.48496029
2107633.69007430
2107610.24961702
2107610.08821220
2107620.51714471
2107664.49236136
2107708.46759209
2107774.91453076
2107841.36147279
2107897.70226944
2107898.34795147
2107876.84472773
2107877.81356731
2107856.14905369
2107801.26105876
2107812.82016426
2107901.57780680
2107979.58409889
2108090.49084461
2108134.78891387
2108212.14894446
2108311.49642185
2108377.78193761
2108466.21648734
2108510.83774002
2108621.58292985
2108699.10456828
2108798.93687329
2108943.22894018
2108998.92487161
2109087.52108437
2109164.71944515
2109241.91781446
2109318.95455023
2109374.00389759
2109473.35134553
2109484.10262845
NaN
2108178.76380655
2108233.97480629
2108300.09874729
2108343.58900580
2108353.69434823
2108330.25345521
2108296.22273297
2108251.27908793
2108184.83212086
2108118.86936245
2108086.61443564
2108043.28519673
2108044.09266216
2108056.13633116
2108090.16767804
2108123.39122553
2108178.76380655
2108222.90029015
NaN
2113196.03665059
2113218.34668262
2113251.73118863
2113285.27683434
2113329.89698183
2113362.95924149
2113374.03370938
2113384.94703637
2113406.77370445
2113417.68704554
2113405.96814321
2113416.39826252
2113426.82847277
2113415.43192872
2113349.14623402
2113315.92286767
2113260.38956175
2113227.32722818
2113205.66143635
2113183.83462888
2113173.24337234
2113184.80108983
NaN
2119597.12692342
2119585.88997007
2119552.01684345
2119540.29304769
2119528.73161676
2119494.85879576
2119472.54735614
2119405.93752303
2119372.71372191
2119284.11692307
2119206.75694016
2119151.70837689
2119130.04586703
2119141.93174570
2119142.41858398
2119121.08087849
2119165.54164928
2119232.47634659
2119299.41112757
2119332.63498269
2119410.15731458
2119487.67965107
2119509.66650915
2119520.09165910
2119553.15315470
2119586.21465288
NaN
2121223.45079827
2121235.02026435
2121246.58978937
2121247.24935181
2121214.51931531
2121181.62438939
2121138.14939433
2121082.77475413
2121038.47504364
2121027.07023097
2121070.54531345
2121103.11048450
2121124.60081848
2121068.89652389
2121035.50693483
2121013.02744049
2121056.99744449
2121112.20718535
2121167.25211748
2121189.40193836
2121200.97130314
NaN
2123069.17027927
2123080.73969077
2123114.62386226
2123126.19341519
2123104.70316460
2123050.15315432
2123017.25825497
2123005.68851685
2123005.19376129
2123037.59405019
2123048.00949076
2123014.45503973
2122947.51105700
2122947.01662134
2122980.24135410
2123035.78072221
2123058.09536606
NaN
2124177.47529194
2124177.80596671
2124189.21164358
2124189.87311727
2124168.38472069
2124135.82142357
2124114.00231140
2124058.79281075
2124036.47740152
2124069.04067826
2124112.51363235
2124111.85215482
2124078.13118338
2124033.66595115
2123989.20073231
2123966.55486073
2124021.59912281
2124065.56842798
2124098.46277950
2124120.77799119
2124143.25850198
2124154.82938003
2124166.06966803
NaN
2125812.45136982
2125845.34504915
2125855.75737980
2125832.94476510
2125799.22286115
2125798.72604761
2125843.02607804
2125888.15419204
2125910.96679653
2125900.88583028
2125868.65502696
2125835.42995748
2125790.79843414
2125812.45136982
2125834.27003120
NaN
2126942.93272456
2126942.60114079
2126975.32889710
2127008.05669573
2127062.93458714
2127095.49674644
2127105.57757123
2127104.25231384
2127081.10860947
2127035.64958204
2127001.92795980
2126935.31243917
2126902.58402039
2126869.85564395
2126826.05230538
2126793.48959689
2126760.59576037
2126727.53633512
2126683.73312587
2126662.07998002
2126662.90822630
2126641.42089461
2126597.28650724
2126553.31781815
2126531.16777771
2126497.94271775
2126475.95837578
2126509.68057294
2126532.49355705
2126532.49355705
2126522.08156350
2126544.72896362
2126566.87902613
2126632.83185602
2126676.63466161
2126721.10054215
2126743.91373961
2126788.87711682
2126800.61550032
2126845.24737097
2126889.21581057
2126910.70251182
2126910.03923167
2126920.94845963
NaN
2130430.21254670
2130386.07809164
2130330.86863051
2130253.50915468
2130198.46528002
2130099.28697537
2130033.16811836
2129956.13987698
2129878.78040946
2129801.75219920
2129713.64900196
2129625.71149276
2129570.83341745
2129471.98668854
2129372.97432898
2129252.14345675
2129141.55892984
2129020.06512632
2128931.46490566
2128820.88038102
2128699.22083044
2128588.47056800
2128477.55458858
2128399.86370692
2128322.00714822
2128222.00060192
2128144.14414593
2128055.37836908
2127955.70324008
2127900.16253792
2127811.39681728
2127756.02176221
2127700.48110097
2127645.27165907
2127568.07781017
2127545.92778905
2127501.79336153
2127446.58392462
2127413.52451170
2127391.54011335
NaN
2127446.58392462
2127413.52451170
2127391.54011335
