1104.63319159672
1567.90148105100
3203.63823550195
2599.27142215893
42.1223400803283
1099.06077727862
23.8002132484689
1123.77481609304
1147.52254894376
27.2129402458668
759.501556367613
609.867537127808
30.8531012749299
698.375811561011
21.9112959299237
408.676768781617
1128.97529267427
826.547592852265
482.602204987779
38.2514044074342
781.458033090457
288.408645343035
223.243340468034
2073.55623803847
2641.44734485727
2468.32314447407
23.8060235669836
1167.28050797153
990.072919092141
783.360912509263
57.9375802446157
98.6136737344787
996.425956957974
3062.08809439093
893.165754647926
3754.65147017967
3841.63614532910
3429.61690357979
2041.31895384379
3082.68335113116
4078.74405363202
949.762549467385
4132.92176821735
1132.15401293058
809.721816318110
933.382031106390
825.441905792803
1103.36435905658
3831.74935397320
722.886087911204
3700.71023526043
2308.39919383731
2033.20718206372
50.7712308708578
3026.31008509360
2414.06217988301
3141.24651353993
78.3998715216294
1257.65818348341
58.1443099630997
24.5595214953646
