19.3791054451913
19.3726508021291
19.3814863845270
19.3956448221104
19.2644051315746
19.4119612333917
19.7230169683341
19.3922338552114
19.3952815355735
19.8522621835160
19.3223187532483
19.3756454791118
19.7173871339938
19.2932520012339
21.3032875466573
19.3148759822786
19.4042195030470
19.3840837155444
19.4336107666401
19.2808981998068
19.3947413378900
19.2778551828488
19.2849607383747
19.4383515956740
19.3166630832659
19.2856229567614
21.9834920995371
22.1262622859162
19.3633202610225
19.3413141402039
19.2486620349711
20.1919446556108
19.3390532307997
20.7066539818053
19.3555775602980
19.8013531597599
19.4643182304403
19.5359185767273
19.4933948507355
19.5555817600538
19.4511783603929
19.3738451027831
19.4853486863255
19.4122725678779
19.3929953886881
19.3847264910816
19.3832406147566
19.3869224841935
19.4304338626880
19.3231920172638
19.4469550354595
19.3223369642600
19.6771917132545
19.4213117987973
19.5064372498609
19.5839830039854
19.4067892212816
20.2458864846669
19.4208732469019
20.8880739058695
21.3129873544130
